160.00 7810.00 2.00 7.99
160.00 7808.00 2.00 8.01
160.00 7806.00 2.00 8.02
160.00 7804.00 2.00 8.04
160.00 7802.00 2.00 8.06
160.00 7800.00 2.00 8.12
160.00 7798.00 2.00 8.12
160.00 7796.00 2.00 8.14
160.00 7794.00 2.00 8.15
160.00 7792.00 2.00 8.17
320.00 7790.00 2.00 8.19
320.00 7788.00 2.00 8.20
320.00 7786.00 2.00 8.22
320.00 7784.00 2.00 8.24
320.00 7782.00 2.00 8.26
320.00 7780.00 2.00 8.29
320.00 7778.00 2.00 8.29
640.00 7712.00 2.00 8.84
640.00 7710.00 2.00 8.86
640.00 7708.00 2.00 8.87
640.00 7706.00 2.00 8.89
640.00 7704.00 2.00 8.91
640.00 7702.00 2.00 8.92
640.00 7700.00 2.00 8.94
640.00 7698.00 2.00 8.96
640.00 7696.00 2.00 8.97
480.00 7660.00 2.00 9.27
480.00 7658.00 2.00 9.29
480.00 7656.00 2.00 9.31
480.00 7654.00 2.00 9.32
480.00 7652.00 2.00 9.34
480.00 7650.00 2.00 9.36
480.00 7648.00 2.00 9.37
480.00 7646.00 2.00 9.39
480.00 7644.00 2.00 9.41
480.00 7642.00 2.00 9.42
480.00 7552.00 2.00 10.17
480.00 7550.00 2.00 10.19
480.00 7548.00 2.00 10.21
480.00 7546.00 2.00 10.22
480.00 7544.00 2.00 10.24
480.00 7542.00 2.00 10.26
480.00 7540.00 2.00 10.28
480.00 7538.00 2.00 10.29
640.00 7468.00 2.00 10.94
640.00 7466.00 2.00 10.95
640.00 7464.00 2.00 10.96
640.00 7462.00 2.00 10.98
640.00 7460.00 2.00 11.00
640.00 7458.00 2.00 11.01
640.00 7456.00 2.00 11.03
640.00 7454.00 2.00 11.05
640.00 7452.00 2.00 11.06
480.00 7388.00 2.00 11.60
480.00 7386.00 2.00 11.61
480.00 7384.00 2.00 11.63
480.00 7382.00 2.00 11.65
480.00 7380.00 2.00 11.66
480.00 7378.00 2.00 11.68
480.00 7376.00 2.00 11.70
160.00 7328.00 2.00 12.10
160.00 7326.00 2.00 12.12
160.00 7324.00 2.00 12.13
160.00 7322.00 2.00 12.15
160.00 7320.00 2.00 12.17
160.00 7318.00 2.00 12.18
160.00 7316.00 2.00 12.20
160.00 7314.00 2.00 12.21
160.00 7312.00 2.00 12.23
640.00 7246.00 2.00 12.78
640.00 7244.00 2.00 12.80
640.00 7242.00 2.00 12.81
640.00 7240.00 2.00 12.83
640.00 7238.00 2.00 12.85
640.00 7236.00 2.00 12.86
640.00 7234.00 2.00 12.88
640.00 7232.00 2.00 12.90
640.00 7230.00 2.00 12.91
640.00 7228.00 2.00 12.93
480.00 7170.00 2.00 13.41
480.00 7168.00 2.00 13.43
480.00 7166.00 2.00 13.45
480.00 7164.00 2.00 13.46
480.00 7162.00 2.00 13.48
480.00 7160.00 2.00 13.50
480.00 7158.00 2.00 13.51
480.00 7156.00 2.00 13.53
480.00 7154.00 2.00 13.55
480.00 7152.00 2.00 13.56
320.00 7122.00 2.00 13.82
320.00 7120.00 2.00 13.83
320.00 7118.00 2.00 13.85
320.00 7116.00 2.00 13.87
320.00 7114.00 2.00 13.88
320.00 7112.00 2.00 13.90
320.00 7110.00 2.00 13.91
320.00 7108.00 2.00 13.93
320.00 7106.00 2.00 13.95
320.00 7104.00 2.00 13.97
320.00 7102.00 2.00 13.98
320.00 7100.00 2.00 14.00
640.00 7030.00 2.00 14.58
640.00 7028.00 2.00 14.60
640.00 7026.00 2.00 14.61
640.00 7024.00 2.00 14.63
640.00 7022.00 2.00 14.65
640.00 7020.00 2.00 14.67
640.00 7018.00 2.00 14.68
640.00 7016.00 2.00 14.70
640.00 7014.00 2.00 14.71
160.00 6988.00 2.00 14.95
160.00 6986.00 2.00 14.95
160.00 6984.00 2.00 14.96
160.00 6982.00 2.00 14.98
160.00 6980.00 2.00 15.00
160.00 6978.00 2.00 15.01
160.00 6976.00 2.00 15.03
160.00 6974.00 2.00 15.05
160.00 6972.00 2.00 15.06
160.00 6970.00 2.00 15.08
160.00 6968.00 2.00 15.10
160.00 6966.00 2.00 15.11
480.00 6944.00 2.00 15.30
480.00 6942.00 2.00 15.31
480.00 6940.00 2.00 15.33
480.00 6938.00 2.00 15.35
480.00 6936.00 2.00 15.37
480.00 6934.00 2.00 15.38
480.00 6932.00 2.00 15.40
480.00 6930.00 2.00 15.41
480.00 6928.00 2.00 15.43
480.00 6926.00 2.00 15.45
320.00 6914.00 2.00 15.55
320.00 6912.00 2.00 15.56
320.00 6910.00 2.00 15.58
320.00 6908.00 2.00 15.60
320.00 6906.00 2.00 15.61
320.00 6904.00 2.00 15.63
320.00 6902.00 2.00 15.65
320.00 6900.00 2.00 15.66
320.00 6898.00 2.00 15.68
320.00 6896.00 2.00 15.70
640.00 6850.00 2.00 16.08
640.00 6848.00 2.00 16.10
640.00 6846.00 2.00 16.12
640.00 6844.00 2.00 16.13
640.00 6842.00 2.00 16.15
640.00 6840.00 2.00 16.16
640.00 6838.00 2.00 16.18
640.00 6836.00 2.00 16.20
640.00 6834.00 2.00 16.21
640.00 6832.00 2.00 16.23
640.00 6830.00 2.00 16.25
160.00 6812.00 2.00 16.40
160.00 6810.00 2.00 16.42
160.00 6808.00 2.00 16.43
160.00 6806.00 2.00 16.45
160.00 6804.00 2.00 16.46
160.00 6802.00 2.00 16.48
160.00 6800.00 2.00 16.50
160.00 6798.00 2.00 16.51
160.00 6796.00 2.00 16.53
160.00 6794.00 2.00 16.55
160.00 6792.00 2.00 16.56
160.00 6790.00 2.00 16.58
160.00 6788.00 2.00 16.60
160.00 6786.00 2.00 16.61
480.00 6784.00 2.00 16.63
480.00 6782.00 2.00 16.65
480.00 6780.00 2.00 16.67
480.00 6778.00 2.00 16.68
480.00 6776.00 2.00 16.70
480.00 6774.00 2.00 16.71
480.00 6772.00 2.00 16.73
320.00 6770.00 2.00 16.75
320.00 6768.00 2.00 16.76
320.00 6766.00 2.00 16.78
320.00 6764.00 2.00 16.80
320.00 6762.00 2.00 16.81
320.00 6760.00 2.00 16.83
320.00 6758.00 2.00 16.85
320.00 6756.00 2.00 16.86
320.00 6754.00 2.00 16.89
320.00 6752.00 2.00 16.90
320.00 6750.00 2.00 16.91
320.00 6748.00 2.00 16.93
640.00 6670.00 2.00 17.58
640.00 6668.00 2.00 17.60
640.00 6666.00 2.00 17.61
640.00 6664.00 2.00 17.63
640.00 6662.00 2.00 17.65
640.00 6660.00 2.00 17.66
640.00 6658.00 2.00 17.68
640.00 6656.00 2.00 17.70
640.00 6654.00 2.00 17.71
160.00 6610.00 2.00 18.08
160.00 6608.00 2.00 18.10
160.00 6606.00 2.00 18.12
160.00 6604.00 2.00 18.13
160.00 6602.00 2.00 18.15
160.00 6600.00 2.00 18.16
160.00 6598.00 2.00 18.18
160.00 6596.00 2.00 18.20
160.00 6594.00 2.00 18.21
160.00 6592.00 2.00 18.23
160.00 6590.00 2.00 18.25
480.00 6568.00 2.00 18.43
480.00 6566.00 2.00 18.45
480.00 6564.00 2.00 18.46
480.00 6562.00 2.00 18.48
480.00 6560.00 2.00 18.50
480.00 6558.00 2.00 18.51
480.00 6556.00 2.00 18.53
480.00 6554.00 2.00 18.55
320.00 6530.00 2.00 18.75
320.00 6528.00 2.00 18.76
320.00 6526.00 2.00 18.78
320.00 6524.00 2.00 18.83
320.00 6522.00 2.00 18.83
320.00 6520.00 2.00 18.85
320.00 6518.00 2.00 18.86
320.00 6516.00 2.00 18.88
640.00 6326.00 2.00 20.54
640.00 6324.00 2.00 20.54
640.00 6322.00 2.00 20.56
640.00 6320.00 2.00 20.57
640.00 6318.00 2.00 20.59
640.00 6316.00 2.00 20.61
640.00 6314.00 2.00 20.62
480.00 6266.00 2.00 21.02
480.00 6264.00 2.00 21.04
480.00 6262.00 2.00 21.06
480.00 6260.00 2.00 21.07
480.00 6258.00 2.00 21.09
480.00 6256.00 2.00 21.11
480.00 6254.00 2.00 21.12
480.00 6252.00 2.00 21.14
480.00 6250.00 2.00 21.16
320.00 6216.00 2.00 21.44
320.00 6214.00 2.00 21.46
320.00 6212.00 2.00 21.47
320.00 6210.00 2.00 21.49
320.00 6208.00 2.00 21.51
320.00 6206.00 2.00 21.52
320.00 6204.00 2.00 21.54
320.00 6202.00 2.00 21.56
320.00 6200.00 2.00 21.57
320.00 6198.00 2.00 21.59
160.00 6162.00 2.00 21.89
160.00 6160.00 2.00 21.91
160.00 6158.00 2.00 21.92
160.00 6156.00 2.00 21.94
160.00 6154.00 2.00 21.96
160.00 6152.00 2.00 21.97
160.00 6150.00 2.00 21.99
160.00 6148.00 2.00 22.01
480.00 6098.00 2.00 22.42
480.00 6096.00 2.00 22.44
480.00 6094.00 2.00 22.46
480.00 6092.00 2.00 22.47
480.00 6090.00 2.00 22.49
480.00 6088.00 2.00 22.51
480.00 6086.00 2.00 22.52
320.00 6024.00 2.00 23.04
320.00 6022.00 2.00 23.06
320.00 6020.00 2.00 23.07
320.00 6018.00 2.00 23.09
320.00 6016.00 2.00 23.11
320.00 6014.00 2.00 23.12
320.00 6012.00 2.00 23.14
320.00 6010.00 2.00 23.16
320.00 6008.00 2.00 23.17
320.00 6006.00 2.00 23.19
640.00 5974.00 2.00 23.46
640.00 5972.00 2.00 23.47
640.00 5970.00 2.00 23.49
640.00 5968.00 2.00 23.51
640.00 5966.00 2.00 23.53
640.00 5964.00 2.00 23.54
640.00 5962.00 2.00 23.56
640.00 5960.00 2.00 23.57
640.00 5958.00 2.00 23.59
640.00 5956.00 2.00 23.61
480.00 5906.00 2.00 24.02
480.00 5904.00 2.00 24.04
480.00 5902.00 2.00 24.06
480.00 5900.00 2.00 24.07
480.00 5898.00 2.00 24.09
480.00 5896.00 2.00 24.11
480.00 5894.00 2.00 24.12
160.00 5848.00 2.00 24.51
160.00 5846.00 2.00 24.53
160.00 5844.00 2.00 24.54
160.00 5842.00 2.00 24.56
160.00 5840.00 2.00 24.57
160.00 5838.00 2.00 24.59
160.00 5836.00 2.00 24.61
160.00 5834.00 2.00 24.62
160.00 5832.00 2.00 24.64
320.00 5798.00 2.00 24.93
320.00 5796.00 2.00 24.94
320.00 5794.00 2.00 24.96
320.00 5792.00 2.00 24.98
320.00 5790.00 2.00 24.99
320.00 5788.00 2.00 25.01
320.00 5786.00 2.00 25.03
320.00 5784.00 2.00 25.04
320.00 5782.00 2.00 25.06
640.00 5728.00 2.00 25.51
640.00 5726.00 2.00 25.52
640.00 5724.00 2.00 25.54
640.00 5722.00 2.00 25.56
640.00 5720.00 2.00 25.57
640.00 5718.00 2.00 25.59
640.00 5716.00 2.00 25.61
640.00 5714.00 2.00 25.62
640.00 5712.00 2.00 25.64
480.00 5688.00 2.00 25.84
480.00 5686.00 2.00 25.86
480.00 5684.00 2.00 25.87
480.00 5682.00 2.00 25.89
480.00 5680.00 2.00 25.91
480.00 5678.00 2.00 25.92
480.00 5676.00 2.00 25.94
160.00 5648.00 2.00 26.18
160.00 5646.00 2.00 26.19
160.00 5644.00 2.00 26.21
160.00 5642.00 2.00 26.22
160.00 5640.00 2.00 26.24
160.00 5638.00 2.00 26.26
480.00 5592.00 2.00 26.64
480.00 5590.00 2.00 26.66
480.00 5588.00 2.00 26.67
480.00 5586.00 2.00 26.69
480.00 5584.00 2.00 26.71
480.00 5582.00 2.00 26.73
480.00 5580.00 2.00 26.74
320.00 5554.00 2.00 26.96
320.00 5552.00 2.00 26.98
320.00 5550.00 2.00 26.99
320.00 5548.00 2.00 27.01
320.00 5546.00 2.00 27.03
320.00 5544.00 2.00 27.04
320.00 5542.00 2.00 27.06
320.00 5540.00 2.00 27.07
320.00 5538.00 2.00 27.09
640.00 5486.00 2.00 27.53
640.00 5484.00 2.00 27.54
640.00 5482.00 2.00 27.56
640.00 5480.00 2.00 27.57
640.00 5478.00 2.00 27.59
640.00 5476.00 2.00 27.61
160.00 5422.00 2.00 28.06
160.00 5420.00 2.00 28.07
160.00 5418.00 2.00 28.09
160.00 5416.00 2.00 28.11
160.00 5414.00 2.00 28.12
160.00 5412.00 2.00 28.14
160.00 5410.00 2.00 28.16
160.00 5408.00 2.00 28.17
160.00 5406.00 2.00 28.19
160.00 5404.00 2.00 28.21
480.00 5392.00 2.00 28.31
480.00 5390.00 2.00 28.32
480.00 5388.00 2.00 28.34
480.00 5386.00 2.00 28.36
480.00 5384.00 2.00 28.37
480.00 5382.00 2.00 28.39
480.00 5380.00 2.00 28.41
480.00 5378.00 2.00 28.42
320.00 5372.00 2.00 28.47
320.00 5370.00 2.00 28.49
320.00 5368.00 2.00 28.51
320.00 5366.00 2.00 28.52
320.00 5364.00 2.00 28.54
320.00 5362.00 2.00 28.56
320.00 5360.00 2.00 28.57
480.00 5340.00 2.00 28.74
480.00 5338.00 2.00 28.76
480.00 5336.00 2.00 28.77
480.00 5334.00 2.00 28.79
480.00 5332.00 2.00 28.81
160.00 5320.00 2.00 28.91
160.00 5318.00 2.00 28.92
160.00 5316.00 2.00 28.94
160.00 5314.00 2.00 28.96
160.00 5312.00 2.00 28.97
160.00 5310.00 2.00 28.99
160.00 5308.00 2.00 29.01
160.00 5306.00 2.00 29.03
640.00 5294.00 2.00 29.13
640.00 5292.00 2.00 29.14
640.00 5290.00 2.00 29.16
640.00 5288.00 2.00 29.17
640.00 5286.00 2.00 29.19
640.00 5284.00 2.00 29.21
640.00 5282.00 2.00 29.22
640.00 5280.00 2.00 29.24
640.00 5278.00 2.00 29.26
320.00 5238.00 2.00 29.59
320.00 5236.00 2.00 29.61
320.00 5234.00 2.00 29.62
320.00 5232.00 2.00 29.64
320.00 5230.00 2.00 29.66
320.00 5228.00 2.00 29.67
320.00 5226.00 2.00 29.70
480.00 5222.00 2.00 29.73
480.00 5220.00 2.00 29.74
480.00 5218.00 2.00 29.76
480.00 5216.00 2.00 29.78
480.00 5214.00 2.00 29.79
480.00 5212.00 2.00 29.81
160.00 5202.00 2.00 29.89
160.00 5200.00 2.00 29.91
160.00 5198.00 2.00 29.92
160.00 5196.00 2.00 29.94
160.00 5194.00 2.00 29.96
160.00 5192.00 2.00 29.97
160.00 5190.00 2.00 29.99
640.00 5182.00 2.00 30.06
640.00 5180.00 2.00 30.07
640.00 5178.00 2.00 30.09
640.00 5176.00 2.00 30.11
640.00 5174.00 2.00 30.12
640.00 5172.00 2.00 30.14
640.00 5170.00 2.00 30.16
640.00 5168.00 2.00 30.17
320.00 5130.00 2.00 30.55
320.00 5128.00 2.00 30.56
320.00 5126.00 2.00 30.57
320.00 5124.00 2.00 30.59
320.00 5122.00 2.00 30.61
320.00 5120.00 2.00 30.62
320.00 5118.00 2.00 30.64
480.00 5116.00 2.00 30.69
480.00 5114.00 2.00 30.69
480.00 5112.00 2.00 30.71
480.00 5110.00 2.00 30.73
480.00 5108.00 2.00 30.74
480.00 5106.00 2.00 30.76
160.00 5098.00 2.00 30.83
160.00 5096.00 2.00 30.84
160.00 5094.00 2.00 30.86
160.00 5092.00 2.00 30.88
160.00 5090.00 2.00 30.89
160.00 5088.00 2.00 30.91
160.00 5086.00 2.00 30.93
640.00 5058.00 2.00 31.16
640.00 5056.00 2.00 31.18
640.00 5054.00 2.00 31.19
640.00 5052.00 2.00 31.21
640.00 5050.00 2.00 31.23
640.00 5048.00 2.00 31.24
640.00 5046.00 2.00 31.26
640.00 5044.00 2.00 31.28
320.00 5010.00 2.00 31.56
320.00 5008.00 2.00 31.58
320.00 5006.00 2.00 31.59
320.00 5004.00 2.00 31.61
320.00 5002.00 2.00 31.63
320.00 5000.00 2.00 31.64
480.00 4992.00 2.00 31.71
480.00 4990.00 2.00 31.76
480.00 4988.00 2.00 31.76
480.00 4986.00 2.00 31.78
160.00 4970.00 2.00 31.91
160.00 4968.00 2.00 31.93
160.00 4966.00 2.00 31.95
160.00 4964.00 2.00 31.96
160.00 4962.00 2.00 31.98
160.00 4960.00 2.00 32.00
160.00 4958.00 2.00 32.01
160.00 4956.00 2.00 32.03
640.00 4908.00 2.00 32.43
640.00 4906.00 2.00 32.45
640.00 4904.00 2.00 32.46
640.00 4902.00 2.00 32.48
640.00 4900.00 2.00 32.50
640.00 4898.00 2.00 32.51
640.00 4896.00 2.00 32.53
640.00 4894.00 2.00 32.55
640.00 4892.00 2.00 32.56
640.00 4890.00 2.00 32.58
480.00 4836.00 2.00 33.03
480.00 4834.00 2.00 33.05
480.00 4832.00 2.00 33.06
480.00 4830.00 2.00 33.08
480.00 4828.00 2.00 33.10
480.00 4826.00 2.00 33.11
480.00 4824.00 2.00 33.13
320.00 4814.00 2.00 33.21
320.00 4812.00 2.00 33.23
320.00 4810.00 2.00 33.25
320.00 4808.00 2.00 33.26
320.00 4806.00 2.00 33.28
320.00 4804.00 2.00 33.30
320.00 4802.00 2.00 33.31
160.00 4754.00 2.00 33.71
160.00 4752.00 2.00 33.73
160.00 4750.00 2.00 33.75
160.00 4748.00 2.00 33.76
160.00 4746.00 2.00 33.78
160.00 4744.00 2.00 33.80
160.00 4742.00 2.00 33.81
160.00 4740.00 2.00 33.83
160.00 4738.00 2.00 33.85
640.00 4720.00 2.00 34.00
640.00 4718.00 2.00 34.02
640.00 4716.00 2.00 34.03
640.00 4714.00 2.00 34.05
640.00 4712.00 2.00 34.07
640.00 4710.00 2.00 34.08
640.00 4708.00 2.00 34.10
640.00 4706.00 2.00 34.12
320.00 4666.00 2.00 34.45
320.00 4664.00 2.00 34.47
320.00 4662.00 2.00 34.49
320.00 4660.00 2.00 34.50
320.00 4658.00 2.00 34.52
320.00 4656.00 2.00 34.54
320.00 4654.00 2.00 34.55
480.00 4648.00 2.00 34.60
480.00 4646.00 2.00 34.62
480.00 4644.00 2.00 34.64
480.00 4642.00 2.00 34.65
480.00 4640.00 2.00 34.67
480.00 4638.00 2.00 34.69
480.00 4636.00 2.00 34.70
480.00 4634.00 2.00 34.72
160.00 4578.00 2.00 35.19
160.00 4576.00 2.00 35.20
160.00 4574.00 2.00 35.22
160.00 4572.00 2.00 35.24
160.00 4570.00 2.00 35.25
160.00 4568.00 2.00 35.27
160.00 4566.00 2.00 35.29
160.00 4564.00 2.00 35.30
160.00 4562.00 2.00 35.32
640.00 4496.00 2.00 35.87
640.00 4494.00 2.00 35.89
640.00 4492.00 2.00 35.90
640.00 4490.00 2.00 35.92
640.00 4488.00 2.00 35.94
640.00 4486.00 2.00 35.95
640.00 4484.00 2.00 35.97
640.00 4482.00 2.00 35.99
640.00 4480.00 2.00 36.00
320.00 4478.00 2.00 36.02
320.00 4476.00 2.00 36.04
320.00 4474.00 2.00 36.05
320.00 4472.00 2.00 36.07
320.00 4470.00 2.00 36.09
320.00 4468.00 2.00 36.10
320.00 4466.00 2.00 36.12
320.00 4464.00 2.00 36.14
480.00 4462.00 2.00 36.15
480.00 4460.00 2.00 36.17
480.00 4458.00 2.00 36.19
480.00 4456.00 2.00 36.20
480.00 4454.00 2.00 36.22
480.00 4452.00 2.00 36.24
160.00 4350.00 2.00 37.09
160.00 4348.00 2.00 37.10
160.00 4346.00 2.00 37.12
160.00 4344.00 2.00 37.14
160.00 4342.00 2.00 37.15
160.00 4340.00 2.00 37.17
160.00 4338.00 2.00 37.19
160.00 4336.00 2.00 37.20
160.00 4334.00 2.00 37.22
160.00 4332.00 2.00 37.24
320.00 4322.00 2.00 37.32
320.00 4320.00 2.00 37.34
320.00 4318.00 2.00 37.35
320.00 4316.00 2.00 37.37
320.00 4314.00 2.00 37.39
320.00 4312.00 2.00 37.40
320.00 4310.00 2.00 37.42
480.00 4308.00 2.00 37.44
480.00 4306.00 2.00 37.45
480.00 4304.00 2.00 37.47
480.00 4302.00 2.00 37.49
480.00 4300.00 2.00 37.50
480.00 4298.00 2.00 37.52
480.00 4296.00 2.00 37.54
480.00 4294.00 2.00 37.55
480.00 4292.00 2.00 37.57
480.00 4290.00 2.00 37.59
640.00 4244.00 2.00 37.97
640.00 4242.00 2.00 37.99
640.00 4240.00 2.00 38.00
640.00 4238.00 2.00 38.02
640.00 4236.00 2.00 38.04
640.00 4234.00 2.00 38.05
640.00 4232.00 2.00 38.07
640.00 4230.00 2.00 38.09
640.00 4228.00 2.00 38.10
480.00 4182.00 2.00 38.49
480.00 4180.00 2.00 38.50
480.00 4178.00 2.00 38.52
480.00 4176.00 2.00 38.54
480.00 4174.00 2.00 38.55
480.00 4172.00 2.00 38.57
480.00 4170.00 2.00 38.59
640.00 4152.00 2.00 38.74
640.00 4150.00 2.00 38.75
640.00 4148.00 2.00 38.78
640.00 4146.00 2.00 38.79
640.00 4144.00 2.00 38.80
640.00 4142.00 2.00 38.82
640.00 4140.00 2.00 38.84
640.00 4138.00 2.00 38.85
640.00 4136.00 2.00 38.87
160.00 4094.00 2.00 39.22
160.00 4092.00 2.00 39.24
160.00 4090.00 2.00 39.25
160.00 4088.00 2.00 39.27
160.00 4086.00 2.00 39.29
160.00 4084.00 2.00 39.30
160.00 4082.00 2.00 39.32
160.00 4080.00 2.00 39.34
160.00 4078.00 2.00 39.35
160.00 4076.00 2.00 39.37
320.00 4050.00 2.00 39.59
320.00 4048.00 2.00 39.60
320.00 4046.00 2.00 39.62
320.00 4044.00 2.00 39.64
320.00 4042.00 2.00 39.65
320.00 4040.00 2.00 39.67
320.00 4038.00 2.00 39.69
320.00 4036.00 2.00 39.70
320.00 4034.00 2.00 39.72
640.00 4002.00 2.00 39.99
640.00 4000.00 2.00 40.00
640.00 3998.00 2.00 40.02
640.00 3996.00 2.00 40.04
640.00 3994.00 2.00 40.05
640.00 3992.00 2.00 40.07
640.00 3990.00 2.00 40.09
640.00 3988.00 2.00 40.10
640.00 3986.00 2.00 40.12
640.00 3984.00 2.00 40.14
160.00 3978.00 2.00 40.19
160.00 3976.00 2.00 40.20
160.00 3974.00 2.00 40.22
160.00 3972.00 2.00 40.24
160.00 3970.00 2.00 40.25
160.00 3968.00 2.00 40.27
160.00 3966.00 2.00 40.29
160.00 3964.00 2.00 40.30
160.00 3962.00 2.00 40.32
160.00 3960.00 2.00 40.34
480.00 3944.00 2.00 40.53
480.00 3942.00 2.00 40.53
480.00 3940.00 2.00 40.55
480.00 3938.00 2.00 40.57
480.00 3936.00 2.00 40.58
480.00 3934.00 2.00 40.60
480.00 3932.00 2.00 40.62
320.00 3926.00 2.00 40.67
320.00 3924.00 2.00 40.68
320.00 3922.00 2.00 40.70
320.00 3920.00 2.00 40.72
320.00 3918.00 2.00 40.73
320.00 3916.00 2.00 40.75
320.00 3914.00 2.00 40.77
320.00 3912.00 2.00 40.78
320.00 3910.00 2.00 40.80
160.00 3802.00 2.00 41.70
160.00 3800.00 2.00 41.72
160.00 3798.00 2.00 41.73
160.00 3796.00 2.00 41.75
160.00 3794.00 2.00 41.77
160.00 3792.00 2.00 41.78
160.00 3790.00 2.00 41.80
160.00 3788.00 2.00 41.82
160.00 3786.00 2.00 41.83
160.00 3784.00 2.00 41.85
160.00 3782.00 2.00 41.87
160.00 3780.00 2.00 41.88
160.00 3778.00 2.00 41.90
160.00 3776.00 2.00 41.92
160.00 3774.00 2.00 41.93
160.00 3772.00 2.00 41.95
160.00 3770.00 2.00 41.97
160.00 3768.00 2.00 41.98
160.00 3766.00 2.00 42.00
160.00 3764.00 2.00 42.02
160.00 3762.00 2.00 42.03
160.00 3760.00 2.00 42.05
160.00 3758.00 2.00 42.07
160.00 3756.00 2.00 42.08
160.00 3754.00 2.00 42.10
160.00 3752.00 2.00 42.12
160.00 3750.00 2.00 42.13
160.00 3748.00 2.00 42.15
160.00 3746.00 2.00 42.17
160.00 3744.00 2.00 42.18
160.00 3742.00 2.00 42.20
160.00 3740.00 2.00 42.22
160.00 3738.00 2.00 42.23
160.00 3736.00 2.00 42.25
160.00 3734.00 2.00 42.27
160.00 3732.00 2.00 42.28
160.00 3730.00 2.00 42.30
160.00 3728.00 2.00 42.32
160.00 3726.00 2.00 42.33
160.00 3724.00 2.00 42.35
160.00 3722.00 2.00 42.37
160.00 3720.00 2.00 42.38
160.00 3718.00 2.00 42.40
160.00 3716.00 2.00 42.42
160.00 3714.00 2.00 42.43
160.00 3712.00 2.00 42.45
160.00 3710.00 2.00 42.47
160.00 3708.00 2.00 42.48
160.00 3706.00 2.00 42.50
160.00 3704.00 2.00 42.52
160.00 3702.00 2.00 42.53
160.00 3700.00 2.00 42.55
160.00 3698.00 2.00 42.57
160.00 3696.00 2.00 42.58
160.00 3694.00 2.00 42.60
160.00 3692.00 2.00 42.62
160.00 3690.00 2.00 42.63
160.00 3688.00 2.00 42.65
160.00 3686.00 2.00 42.67
160.00 3684.00 2.00 42.68
160.00 3682.00 2.00 42.70
160.00 3680.00 2.00 42.72
160.00 3678.00 2.00 42.73
160.00 3676.00 2.00 42.75
160.00 3674.00 2.00 42.77
160.00 3672.00 2.00 42.78
160.00 3670.00 2.00 42.80
160.00 3668.00 2.00 42.82
160.00 3666.00 2.00 42.83
160.00 3664.00 2.00 42.85
160.00 3662.00 2.00 42.87
160.00 3660.00 2.00 42.88
160.00 3658.00 2.00 42.90
160.00 3656.00 2.00 42.92
160.00 3654.00 2.00 42.93
160.00 3652.00 2.00 42.95
160.00 3650.00 2.00 42.97
160.00 3648.00 2.00 42.98
160.00 3646.00 2.00 43.00
160.00 3644.00 2.00 43.02
160.00 3642.00 2.00 43.03
160.00 3640.00 2.00 43.05
160.00 3638.00 2.00 43.07
160.00 3636.00 2.00 43.08
160.00 3634.00 2.00 43.10
160.00 3632.00 2.00 43.12
160.00 3630.00 2.00 43.13
160.00 3628.00 2.00 43.15
160.00 3626.00 2.00 43.17
160.00 3624.00 2.00 43.18
160.00 3622.00 2.00 43.20
160.00 3620.00 2.00 43.22
160.00 3618.00 2.00 43.23
160.00 3616.00 2.00 43.25
160.00 3614.00 2.00 43.27
160.00 3612.00 2.00 43.28
160.00 3610.00 2.00 43.30
160.00 3608.00 2.00 43.32
160.00 3606.00 2.00 43.33
160.00 3604.00 2.00 43.35
160.00 3602.00 2.00 43.37
160.00 3600.00 2.00 43.38
160.00 3598.00 2.00 43.40
160.00 3596.00 2.00 43.42
160.00 3594.00 2.00 43.43
160.00 3592.00 2.00 43.45
160.00 3590.00 2.00 43.47
160.00 3588.00 2.00 43.48
160.00 3586.00 2.00 43.50
160.00 3584.00 2.00 43.52
160.00 3582.00 2.00 43.53
160.00 3580.00 2.00 43.55
160.00 3578.00 2.00 43.57
160.00 3576.00 2.00 43.58
160.00 3574.00 2.00 43.60
160.00 3572.00 2.00 43.62
160.00 3570.00 2.00 43.63
160.00 3568.00 2.00 43.65
160.00 3566.00 2.00 43.67
160.00 3564.00 2.00 43.68
160.00 3562.00 2.00 43.70
160.00 3560.00 2.00 43.72
160.00 3558.00 2.00 43.73
160.00 3556.00 2.00 43.75
160.00 3554.00 2.00 43.77
160.00 3552.00 2.00 43.78
160.00 3550.00 2.00 43.80
160.00 3548.00 2.00 43.82
160.00 3546.00 2.00 43.84
160.00 3544.00 2.00 43.85
160.00 3542.00 2.00 43.87
160.00 3540.00 2.00 43.88
160.00 3538.00 2.00 43.90
160.00 3536.00 2.00 43.92
160.00 3534.00 2.00 43.93
160.00 3532.00 2.00 43.95
160.00 3530.00 2.00 43.97
160.00 3528.00 2.00 43.98
160.00 3526.00 2.00 44.00
160.00 3524.00 2.00 44.02
160.00 3522.00 2.00 44.03
160.00 3520.00 2.00 44.05
160.00 3518.00 2.00 44.07
160.00 3516.00 2.00 44.08
160.00 3514.00 2.00 44.10
160.00 3512.00 2.00 44.12
160.00 3510.00 2.00 44.13
160.00 3508.00 2.00 44.15
160.00 3506.00 2.00 44.17
160.00 3504.00 2.00 44.18
160.00 3502.00 2.00 44.20
160.00 3500.00 2.00 44.22
160.00 3498.00 2.00 44.23
160.00 3496.00 2.00 44.25
160.00 3494.00 2.00 44.27
160.00 3492.00 2.00 44.28
160.00 3490.00 2.00 44.30
160.00 3488.00 2.00 44.32
160.00 3486.00 2.00 44.33
160.00 3484.00 2.00 44.35
160.00 3482.00 2.00 44.37
160.00 3480.00 2.00 44.38
160.00 3478.00 2.00 44.40
160.00 3476.00 2.00 44.42
160.00 3474.00 2.00 44.43
160.00 3472.00 2.00 44.45
160.00 3470.00 2.00 44.47
160.00 3468.00 2.00 44.48
160.00 3466.00 2.00 44.50
160.00 3464.00 2.00 44.52
160.00 3462.00 2.00 44.53
160.00 3460.00 2.00 44.55
160.00 3458.00 2.00 44.57
160.00 3456.00 2.00 44.58
160.00 3454.00 2.00 44.60
160.00 3452.00 2.00 44.62
160.00 3450.00 2.00 44.63
160.00 3448.00 2.00 44.65
160.00 3446.00 2.00 44.67
160.00 3444.00 2.00 44.68
160.00 3442.00 2.00 44.70
160.00 3440.00 2.00 44.72
160.00 3438.00 2.00 44.73
160.00 3436.00 2.00 44.75
160.00 3434.00 2.00 44.77
160.00 3432.00 2.00 44.78
160.00 3430.00 2.00 44.80
160.00 3428.00 2.00 44.82
160.00 3426.00 2.00 44.84
160.00 3424.00 2.00 44.85
160.00 3422.00 2.00 44.87
160.00 3420.00 2.00 44.88
160.00 3418.00 2.00 44.90
160.00 3416.00 2.00 44.92
160.00 3414.00 2.00 44.93
160.00 3412.00 2.00 44.95
160.00 3410.00 2.00 44.97
160.00 3408.00 2.00 44.98
160.00 3406.00 2.00 45.00
160.00 3404.00 2.00 45.02
160.00 3402.00 2.00 45.03
160.00 3400.00 2.00 45.05
160.00 3398.00 2.00 45.07
160.00 3396.00 2.00 45.08
160.00 3394.00 2.00 45.10
160.00 3392.00 2.00 45.12
160.00 3390.00 2.00 45.13
160.00 3388.00 2.00 45.15
160.00 3386.00 2.00 45.17
160.00 3384.00 2.00 45.18
160.00 3382.00 2.00 45.20
160.00 3380.00 2.00 45.22
160.00 3378.00 2.00 45.23
160.00 3376.00 2.00 45.25
160.00 3374.00 2.00 45.27
160.00 3372.00 2.00 45.28
320.00 3204.00 2.00 46.68
320.00 3202.00 2.00 46.70
320.00 3200.00 2.00 46.72
320.00 3198.00 2.00 46.73
320.00 3196.00 2.00 46.75
320.00 3194.00 2.00 46.77
320.00 3192.00 2.00 46.78
320.00 3190.00 2.00 46.80
320.00 3188.00 2.00 46.82
320.00 3186.00 2.00 46.83
640.00 3148.00 2.00 47.15
640.00 3146.00 2.00 47.17
640.00 3144.00 2.00 47.18
640.00 3142.00 2.00 47.20
640.00 3140.00 2.00 47.22
640.00 3138.00 2.00 47.23
640.00 3136.00 2.00 47.25
640.00 3134.00 2.00 47.27
640.00 3132.00 2.00 47.28
640.00 3130.00 2.00 47.30
640.00 3128.00 2.00 47.32
480.00 3102.00 2.00 47.53
480.00 3100.00 2.00 47.55
480.00 3098.00 2.00 47.57
480.00 3096.00 2.00 47.58
480.00 3094.00 2.00 47.60
480.00 3092.00 2.00 47.62
480.00 3090.00 2.00 47.63
480.00 3088.00 2.00 47.65
480.00 3086.00 2.00 47.67
480.00 3084.00 2.00 47.68
480.00 3082.00 2.00 47.70
480.00 3080.00 2.00 47.72
160.00 3056.00 2.00 47.92
160.00 3054.00 2.00 47.93
160.00 3052.00 2.00 47.95
160.00 3050.00 2.00 47.97
160.00 3048.00 2.00 47.98
160.00 3046.00 2.00 48.00
160.00 3044.00 2.00 48.02
160.00 3042.00 2.00 48.03
160.00 3040.00 2.00 48.05
160.00 3038.00 2.00 48.07
160.00 3036.00 2.00 48.08
160.00 3034.00 2.00 48.10
480.00 3012.00 2.00 48.28
480.00 3010.00 2.00 48.30
480.00 3008.00 2.00 48.32
480.00 3006.00 2.00 48.33
480.00 3004.00 2.00 48.35
480.00 3002.00 2.00 48.37
480.00 3000.00 2.00 48.38
480.00 2998.00 2.00 48.40
480.00 2996.00 2.00 48.42
480.00 2994.00 2.00 48.43
480.00 2992.00 2.00 48.45
480.00 2990.00 2.00 48.47
160.00 2826.00 2.00 49.84
160.00 2824.00 2.00 49.85
160.00 2822.00 2.00 49.87
160.00 2820.00 2.00 49.88
160.00 2818.00 2.00 49.90
160.00 2816.00 2.00 49.92
160.00 2814.00 2.00 49.93
160.00 2812.00 2.00 49.95
160.00 2810.00 2.00 49.97
160.00 2808.00 2.00 49.98
160.00 2806.00 2.00 50.00
160.00 2804.00 2.00 50.02
160.00 2802.00 2.00 50.03
160.00 2800.00 2.00 50.05
160.00 2798.00 2.00 50.07
160.00 2796.00 2.00 50.08
160.00 2794.00 2.00 50.10
160.00 2792.00 2.00 50.12
160.00 2790.00 2.00 50.13
160.00 2788.00 2.00 50.15
160.00 2786.00 2.00 50.17
160.00 2784.00 2.00 50.18
160.00 2782.00 2.00 50.20
160.00 2780.00 2.00 50.22
160.00 2778.00 2.00 50.23
160.00 2776.00 2.00 50.25
160.00 2774.00 2.00 50.27
160.00 2772.00 2.00 50.28
160.00 2770.00 2.00 50.30
160.00 2768.00 2.00 50.32
160.00 2766.00 2.00 50.34
160.00 2764.00 2.00 50.35
160.00 2762.00 2.00 50.37
160.00 2760.00 2.00 50.38
160.00 2758.00 2.00 50.40
160.00 2756.00 2.00 50.42
160.00 2754.00 2.00 50.43
160.00 2752.00 2.00 50.45
160.00 2750.00 2.00 50.47
160.00 2748.00 2.00 50.54
160.00 2746.00 2.00 50.55
160.00 2744.00 2.00 50.57
160.00 2742.00 2.00 50.59
160.00 2740.00 2.00 50.61
160.00 2738.00 2.00 50.63
160.00 2736.00 2.00 50.64
160.00 2734.00 2.00 50.66
160.00 2732.00 2.00 50.68
160.00 2730.00 2.00 50.69
160.00 2728.00 2.00 50.71
160.00 2726.00 2.00 50.73
160.00 2724.00 2.00 50.74
160.00 2722.00 2.00 50.76
160.00 2720.00 2.00 50.78
160.00 2718.00 2.00 50.79
160.00 2716.00 2.00 50.81
160.00 2714.00 2.00 50.83
160.00 2712.00 2.00 50.84
160.00 2710.00 2.00 50.86
160.00 2708.00 2.00 50.88
160.00 2706.00 2.00 50.89
160.00 2704.00 2.00 50.91
160.00 2702.00 2.00 50.93
160.00 2700.00 2.00 50.94
160.00 2698.00 2.00 50.96
160.00 2696.00 2.00 50.98
160.00 2694.00 2.00 50.99
160.00 2692.00 2.00 51.01
160.00 2690.00 2.00 51.03
160.00 2688.00 2.00 51.04
160.00 2686.00 2.00 51.06
160.00 2684.00 2.00 51.08
160.00 2682.00 2.00 51.09
160.00 2680.00 2.00 51.11
160.00 2678.00 2.00 51.13
160.00 2676.00 2.00 51.14
160.00 2674.00 2.00 51.16
160.00 2672.00 2.00 51.18
160.00 2670.00 2.00 51.19
160.00 2668.00 2.00 51.21
160.00 2666.00 2.00 51.23
160.00 2664.00 2.00 51.24
160.00 2662.00 2.00 51.26
160.00 2660.00 2.00 51.28
160.00 2658.00 2.00 51.29
160.00 2656.00 2.00 51.31
160.00 2654.00 2.00 51.33
160.00 2652.00 2.00 51.34
160.00 2650.00 2.00 51.36
160.00 2648.00 2.00 51.38
160.00 2646.00 2.00 51.39
160.00 2644.00 2.00 51.41
160.00 2642.00 2.00 51.43
160.00 2640.00 2.00 51.44
160.00 2638.00 2.00 51.46
160.00 2636.00 2.00 51.48
160.00 2634.00 2.00 51.49
160.00 2632.00 2.00 51.51
160.00 2630.00 2.00 51.53
160.00 2628.00 2.00 51.54
160.00 2626.00 2.00 51.56
160.00 2624.00 2.00 51.58
160.00 2622.00 2.00 51.59
160.00 2620.00 2.00 51.61
160.00 2618.00 2.00 51.63
160.00 2616.00 2.00 51.64
160.00 2614.00 2.00 51.66
160.00 2612.00 2.00 51.68
160.00 2610.00 2.00 51.70
160.00 2608.00 2.00 51.71
160.00 2606.00 2.00 51.73
160.00 2604.00 2.00 51.74
160.00 2602.00 2.00 51.76
160.00 2600.00 2.00 51.78
160.00 2598.00 2.00 51.79
160.00 2596.00 2.00 51.81
160.00 2594.00 2.00 51.83
160.00 2592.00 2.00 51.84
160.00 2590.00 2.00 51.86
160.00 2588.00 2.00 51.88
160.00 2586.00 2.00 51.89
160.00 2584.00 2.00 51.91
160.00 2582.00 2.00 51.93
160.00 2580.00 2.00 51.94
160.00 2578.00 2.00 51.96
160.00 2576.00 2.00 51.98
160.00 2574.00 2.00 51.99
160.00 2572.00 2.00 52.01
160.00 2570.00 2.00 52.03
160.00 2568.00 2.00 52.04
160.00 2566.00 2.00 52.06
160.00 2564.00 2.00 52.08
160.00 2562.00 2.00 52.09
160.00 2560.00 2.00 52.11
160.00 2558.00 2.00 52.13
160.00 2556.00 2.00 52.15
160.00 2554.00 2.00 52.16
160.00 2552.00 2.00 52.18
160.00 2550.00 2.00 52.20
160.00 2548.00 2.00 52.21
160.00 2546.00 2.00 52.23
160.00 2544.00 2.00 52.24
160.00 2542.00 2.00 52.26
160.00 2540.00 2.00 52.28
160.00 2538.00 2.00 52.29
160.00 2536.00 2.00 52.31
160.00 2534.00 2.00 52.33
160.00 2532.00 2.00 52.34
160.00 2530.00 2.00 52.36
160.00 2528.00 2.00 52.38
160.00 2526.00 2.00 52.39
160.00 2524.00 2.00 52.41
160.00 2522.00 2.00 52.43
160.00 2520.00 2.00 52.45
160.00 2518.00 2.00 52.46
160.00 2516.00 2.00 52.48
160.00 2514.00 2.00 52.50
160.00 2512.00 2.00 52.51
160.00 2510.00 2.00 52.53
160.00 2508.00 2.00 52.54
160.00 2506.00 2.00 52.56
160.00 2504.00 2.00 52.58
160.00 2502.00 2.00 52.60
160.00 2500.00 2.00 52.61
160.00 2498.00 2.00 52.63
160.00 2496.00 2.00 52.65
160.00 2494.00 2.00 52.66
160.00 2492.00 2.00 52.68
160.00 2490.00 2.00 52.69
160.00 2488.00 2.00 52.71
160.00 2486.00 2.00 52.73
160.00 2484.00 2.00 52.74
160.00 2482.00 2.00 52.76
160.00 2480.00 2.00 52.78
160.00 2478.00 2.00 52.79
160.00 2476.00 2.00 52.81
160.00 2474.00 2.00 52.83
160.00 2472.00 2.00 52.84
160.00 2470.00 2.00 52.86
160.00 2468.00 2.00 52.88
160.00 2466.00 2.00 52.89
160.00 2464.00 2.00 52.91
160.00 2462.00 2.00 52.93
640.00 2424.00 2.00 53.25
640.00 2422.00 2.00 53.26
640.00 2420.00 2.00 53.28
640.00 2418.00 2.00 53.29
640.00 2416.00 2.00 53.31
640.00 2414.00 2.00 53.33
640.00 2412.00 2.00 53.34
640.00 2410.00 2.00 53.36
640.00 2408.00 2.00 53.38
640.00 2406.00 2.00 53.39
640.00 2404.00 2.00 53.41
640.00 2402.00 2.00 53.43
640.00 2400.00 2.00 53.44
640.00 2398.00 2.00 53.46
640.00 2396.00 2.00 53.48
640.00 2394.00 2.00 53.49
640.00 2392.00 2.00 53.51
640.00 2390.00 2.00 53.53
640.00 2388.00 2.00 53.54
640.00 2386.00 2.00 53.56
640.00 2384.00 2.00 53.58
640.00 2382.00 2.00 53.59
640.00 2380.00 2.00 53.61
640.00 2378.00 2.00 53.63
640.00 2376.00 2.00 53.64
640.00 2374.00 2.00 53.66
640.00 2372.00 2.00 53.68
640.00 2370.00 2.00 53.69
640.00 2368.00 2.00 53.71
640.00 2366.00 2.00 53.73
640.00 2364.00 2.00 53.75
640.00 2362.00 2.00 53.76
640.00 2360.00 2.00 53.78
640.00 2358.00 2.00 53.80
640.00 2356.00 2.00 53.81
640.00 2354.00 2.00 53.83
640.00 2352.00 2.00 53.84
640.00 2350.00 2.00 53.86
640.00 2348.00 2.00 53.88
640.00 2346.00 2.00 53.90
640.00 2344.00 2.00 53.91
640.00 2342.00 2.00 53.93
640.00 2340.00 2.00 53.95
640.00 2338.00 2.00 53.96
640.00 2336.00 2.00 53.98
640.00 2334.00 2.00 53.99
480.00 2330.00 2.00 54.03
480.00 2328.00 2.00 54.04
480.00 2326.00 2.00 54.06
480.00 2324.00 2.00 54.08
480.00 2322.00 2.00 54.09
480.00 2320.00 2.00 54.11
480.00 2318.00 2.00 54.13
480.00 2316.00 2.00 54.14
480.00 2314.00 2.00 54.16
480.00 2312.00 2.00 54.18
480.00 2310.00 2.00 54.20
480.00 2308.00 2.00 54.21
480.00 2306.00 2.00 54.23
480.00 2304.00 2.00 54.24
480.00 2302.00 2.00 54.26
480.00 2300.00 2.00 54.28
480.00 2298.00 2.00 54.29
480.00 2296.00 2.00 54.31
480.00 2294.00 2.00 54.34
480.00 2292.00 2.00 54.35
480.00 2290.00 2.00 54.37
480.00 2288.00 2.00 54.39
480.00 2286.00 2.00 54.40
480.00 2284.00 2.00 54.42
480.00 2282.00 2.00 54.44
480.00 2280.00 2.00 54.45
480.00 2278.00 2.00 54.47
480.00 2276.00 2.00 54.49
480.00 2274.00 2.00 54.50
480.00 2272.00 2.00 54.52
480.00 2270.00 2.00 54.54
480.00 2268.00 2.00 54.56
480.00 2266.00 2.00 54.57
480.00 2264.00 2.00 54.59
480.00 2262.00 2.00 54.60
480.00 2260.00 2.00 54.62
480.00 2258.00 2.00 54.64
480.00 2256.00 2.00 54.65
480.00 2254.00 2.00 54.67
480.00 2252.00 2.00 54.69
480.00 2250.00 2.00 54.71
480.00 2248.00 2.00 54.72
480.00 2246.00 2.00 54.74
480.00 2244.00 2.00 54.76
480.00 2242.00 2.00 54.77
640.00 2240.00 2.00 54.79
640.00 2238.00 2.00 54.81
640.00 2236.00 2.00 54.82
640.00 2234.00 2.00 54.84
640.00 2232.00 2.00 54.86
640.00 2230.00 2.00 54.87
640.00 2228.00 2.00 54.89
640.00 2226.00 2.00 54.91
640.00 2224.00 2.00 54.92
640.00 2222.00 2.00 54.94
640.00 2220.00 2.00 54.96
640.00 2218.00 2.00 54.97
640.00 2216.00 2.00 54.99
640.00 2214.00 2.00 55.01
640.00 2212.00 2.00 55.02
640.00 2210.00 2.00 55.04
640.00 2208.00 2.00 55.06
640.00 2206.00 2.00 55.07
640.00 2204.00 2.00 55.09
640.00 2202.00 2.00 55.11
640.00 2200.00 2.00 55.12
640.00 2198.00 2.00 55.14
640.00 2196.00 2.00 55.16
640.00 2194.00 2.00 55.17
640.00 2192.00 2.00 55.19
640.00 2190.00 2.00 55.21
640.00 2188.00 2.00 55.22
640.00 2186.00 2.00 55.24
640.00 2184.00 2.00 55.26
640.00 2182.00 2.00 55.28
640.00 2180.00 2.00 55.29
640.00 2178.00 2.00 55.31
640.00 2176.00 2.00 55.32
640.00 2174.00 2.00 55.34
640.00 2172.00 2.00 55.36
640.00 2170.00 2.00 55.37
640.00 2168.00 2.00 55.39
640.00 2166.00 2.00 55.41
640.00 2164.00 2.00 55.42
640.00 2162.00 2.00 55.44
640.00 2160.00 2.00 55.46
640.00 2158.00 2.00 55.48
640.00 2156.00 2.00 55.49
640.00 2154.00 2.00 55.51
320.00 2136.00 2.00 55.66
320.00 2134.00 2.00 55.67
320.00 2132.00 2.00 55.69
320.00 2130.00 2.00 55.71
320.00 2128.00 2.00 55.72
320.00 2126.00 2.00 55.74
320.00 2124.00 2.00 55.76
320.00 2122.00 2.00 55.77
320.00 2120.00 2.00 55.79
320.00 2118.00 2.00 55.81
320.00 2116.00 2.00 55.82
320.00 2114.00 2.00 55.84
320.00 2112.00 2.00 55.86
320.00 2110.00 2.00 55.87
320.00 2108.00 2.00 55.89
320.00 2106.00 2.00 55.91
320.00 2104.00 2.00 55.92
640.00 2074.00 2.00 56.17
640.00 2072.00 2.00 56.19
640.00 2070.00 2.00 56.21
640.00 2068.00 2.00 56.22
640.00 2066.00 2.00 56.24
640.00 2064.00 2.00 56.26
640.00 2062.00 2.00 56.28
640.00 2060.00 2.00 56.29
640.00 2058.00 2.00 56.31
640.00 2056.00 2.00 56.32
160.00 2052.00 2.00 56.36
160.00 2050.00 2.00 56.37
160.00 2048.00 2.00 56.39
160.00 2046.00 2.00 56.41
160.00 2044.00 2.00 56.42
160.00 2042.00 2.00 56.44
160.00 2040.00 2.00 56.46
160.00 2038.00 2.00 56.47
160.00 2036.00 2.00 56.49
160.00 2034.00 2.00 56.51
480.00 1894.00 2.00 57.67
480.00 1892.00 2.00 57.69
480.00 1890.00 2.00 57.71
480.00 1888.00 2.00 57.72
480.00 1886.00 2.00 57.74
480.00 1884.00 2.00 57.76
480.00 1882.00 2.00 57.77
480.00 1880.00 2.00 57.79
480.00 1878.00 2.00 57.81
320.00 1876.00 2.00 57.82
320.00 1874.00 2.00 57.84
320.00 1872.00 2.00 57.86
320.00 1870.00 2.00 57.87
320.00 1868.00 2.00 57.89
320.00 1866.00 2.00 57.91
320.00 1864.00 2.00 57.92
320.00 1862.00 2.00 57.94
320.00 1860.00 2.00 57.96
320.00 1858.00 2.00 57.97
320.00 1856.00 2.00 57.99
320.00 1854.00 2.00 58.01
160.00 1834.00 2.00 58.17
160.00 1832.00 2.00 58.19
160.00 1830.00 2.00 58.21
160.00 1828.00 2.00 58.22
160.00 1826.00 2.00 58.24
160.00 1824.00 2.00 58.26
160.00 1822.00 2.00 58.28
160.00 1820.00 2.00 58.29
160.00 1818.00 2.00 58.31
160.00 1816.00 2.00 58.32
160.00 1814.00 2.00 58.34
160.00 1812.00 2.00 58.36
160.00 1810.00 2.00 58.37
160.00 1808.00 2.00 58.39
160.00 1806.00 2.00 58.41
160.00 1804.00 2.00 58.42
160.00 1802.00 2.00 58.44
160.00 1800.00 2.00 58.46
160.00 1798.00 2.00 58.47
160.00 1796.00 2.00 58.49
160.00 1794.00 2.00 58.51
160.00 1792.00 2.00 58.52
160.00 1790.00 2.00 58.54
160.00 1788.00 2.00 58.56
160.00 1786.00 2.00 58.57
160.00 1784.00 2.00 58.59
160.00 1782.00 2.00 58.61
160.00 1780.00 2.00 58.62
160.00 1778.00 2.00 58.64
160.00 1776.00 2.00 58.66
160.00 1774.00 2.00 58.67
160.00 1772.00 2.00 58.69
160.00 1770.00 2.00 58.71
160.00 1768.00 2.00 58.73
160.00 1766.00 2.00 58.74
160.00 1764.00 2.00 58.76
160.00 1762.00 2.00 58.77
160.00 1760.00 2.00 58.79
160.00 1758.00 2.00 58.81
160.00 1756.00 2.00 58.82
160.00 1754.00 2.00 58.84
160.00 1752.00 2.00 58.86
160.00 1750.00 2.00 58.87
160.00 1748.00 2.00 58.89
160.00 1746.00 2.00 58.91
160.00 1744.00 2.00 58.92
160.00 1742.00 2.00 58.94
160.00 1740.00 2.00 58.96
160.00 1738.00 2.00 58.97
160.00 1736.00 2.00 58.99
160.00 1734.00 2.00 59.01
160.00 1732.00 2.00 59.02
160.00 1730.00 2.00 59.04
160.00 1728.00 2.00 59.06
160.00 1726.00 2.00 59.07
160.00 1724.00 2.00 59.09
160.00 1722.00 2.00 59.11
160.00 1720.00 2.00 59.12
160.00 1718.00 2.00 59.14
160.00 1716.00 2.00 59.16
160.00 1714.00 2.00 59.17
160.00 1712.00 2.00 59.19
160.00 1710.00 2.00 59.21
160.00 1708.00 2.00 59.23
160.00 1706.00 2.00 59.24
160.00 1704.00 2.00 59.26
160.00 1702.00 2.00 59.27
160.00 1700.00 2.00 59.29
160.00 1698.00 2.00 59.31
160.00 1696.00 2.00 59.32
160.00 1694.00 2.00 59.34
160.00 1692.00 2.00 59.36
160.00 1690.00 2.00 59.37
160.00 1688.00 2.00 59.39
160.00 1686.00 2.00 59.41
160.00 1684.00 2.00 59.42
160.00 1682.00 2.00 59.44
160.00 1680.00 2.00 59.46
160.00 1678.00 2.00 59.47
160.00 1676.00 2.00 59.49
160.00 1674.00 2.00 59.51
160.00 1672.00 2.00 59.53
160.00 1670.00 2.00 59.54
160.00 1668.00 2.00 59.56
160.00 1666.00 2.00 59.58
160.00 1664.00 2.00 59.59
160.00 1662.00 2.00 59.61
160.00 1660.00 2.00 59.63
160.00 1658.00 2.00 59.64
160.00 1656.00 2.00 59.66
160.00 1654.00 2.00 59.68
160.00 1652.00 2.00 59.70
160.00 1650.00 2.00 59.72
160.00 1648.00 2.00 59.73
160.00 1646.00 2.00 59.75
160.00 1644.00 2.00 59.77
160.00 1642.00 2.00 59.78
160.00 1640.00 2.00 59.80
160.00 1638.00 2.00 59.82
160.00 1636.00 2.00 59.83
160.00 1634.00 2.00 59.85
160.00 1632.00 2.00 59.87
160.00 1630.00 2.00 59.88
160.00 1628.00 2.00 59.90
160.00 1626.00 2.00 59.92
160.00 1624.00 2.00 59.94
160.00 1622.00 2.00 59.95
160.00 1620.00 2.00 59.97
160.00 1618.00 2.00 59.98
160.00 1616.00 2.00 60.00
160.00 1614.00 2.00 60.02
160.00 1612.00 2.00 60.03
640.00 1596.00 2.00 60.17
640.00 1594.00 2.00 60.18
640.00 1592.00 2.00 60.20
640.00 1590.00 2.00 60.22
640.00 1588.00 2.00 60.23
640.00 1586.00 2.00 60.25
640.00 1584.00 2.00 60.27
640.00 1582.00 2.00 60.28
640.00 1580.00 2.00 60.30
640.00 1578.00 2.00 60.32
640.00 1576.00 2.00 60.33
640.00 1574.00 2.00 60.35
640.00 1572.00 2.00 60.37
640.00 1570.00 2.00 60.38
640.00 1568.00 2.00 60.40
640.00 1566.00 2.00 60.42
640.00 1564.00 2.00 60.43
640.00 1562.00 2.00 60.45
640.00 1560.00 2.00 60.47
640.00 1558.00 2.00 60.54
640.00 1556.00 2.00 60.55
640.00 1554.00 2.00 60.57
640.00 1552.00 2.00 60.58
640.00 1550.00 2.00 60.60
640.00 1548.00 2.00 60.62
640.00 1546.00 2.00 60.63
640.00 1544.00 2.00 60.65
640.00 1542.00 2.00 60.67
640.00 1540.00 2.00 60.68
640.00 1538.00 2.00 60.70
640.00 1536.00 2.00 60.72
640.00 1534.00 2.00 60.73
640.00 1532.00 2.00 60.75
640.00 1530.00 2.00 60.77
640.00 1528.00 2.00 60.78
640.00 1526.00 2.00 60.80
640.00 1524.00 2.00 60.82
640.00 1522.00 2.00 60.84
640.00 1520.00 2.00 60.85
640.00 1518.00 2.00 60.87
640.00 1516.00 2.00 60.88
640.00 1514.00 2.00 60.90
640.00 1512.00 2.00 60.92
640.00 1510.00 2.00 60.93
640.00 1508.00 2.00 60.95
640.00 1506.00 2.00 60.97
640.00 1504.00 2.00 60.98
640.00 1502.00 2.00 61.00
640.00 1500.00 2.00 61.02
640.00 1498.00 2.00 61.04
640.00 1496.00 2.00 61.05
640.00 1494.00 2.00 61.07
640.00 1492.00 2.00 61.09
640.00 1490.00 2.00 61.10
480.00 1476.00 2.00 61.22
480.00 1474.00 2.00 61.24
480.00 1472.00 2.00 61.26
320.00 1470.00 2.00 61.27
320.00 1468.00 2.00 61.29
320.00 1466.00 2.00 61.31
320.00 1464.00 2.00 61.32
320.00 1462.00 2.00 61.34
320.00 1460.00 2.00 61.35
320.00 1458.00 2.00 61.37
320.00 1456.00 2.00 61.39
320.00 1454.00 2.00 61.40
320.00 1452.00 2.00 61.42
320.00 1450.00 2.00 61.44
160.00 1406.00 2.00 61.81
160.00 1404.00 2.00 61.82
160.00 1402.00 2.00 61.84
160.00 1400.00 2.00 61.86
160.00 1398.00 2.00 61.87
160.00 1396.00 2.00 61.89
160.00 1394.00 2.00 61.91
160.00 1392.00 2.00 61.92
160.00 1390.00 2.00 61.94
160.00 1388.00 2.00 61.96
640.00 1386.00 2.00 61.98
640.00 1384.00 2.00 61.99
640.00 1382.00 2.00 62.01
640.00 1380.00 2.00 62.02
640.00 1378.00 2.00 62.04
640.00 1376.00 2.00 62.06
640.00 1374.00 2.00 62.07
320.00 1334.00 2.00 62.41
320.00 1332.00 2.00 62.43
320.00 1330.00 2.00 62.44
320.00 1328.00 2.00 62.46
320.00 1326.00 2.00 62.48
320.00 1324.00 2.00 62.49
320.00 1322.00 2.00 62.51
320.00 1320.00 2.00 62.53
480.00 1318.00 2.00 62.55
480.00 1316.00 2.00 62.56
480.00 1314.00 2.00 62.58
480.00 1312.00 2.00 62.60
480.00 1310.00 2.00 62.61
480.00 1308.00 2.00 62.63
160.00 1294.00 2.00 62.75
160.00 1292.00 2.00 62.77
160.00 1290.00 2.00 62.78
160.00 1288.00 2.00 62.80
160.00 1286.00 2.00 62.82
160.00 1284.00 2.00 62.83
160.00 1282.00 2.00 62.85
160.00 1280.00 2.00 62.87
160.00 1278.00 2.00 62.88
640.00 1242.00 2.00 63.19
640.00 1240.00 2.00 63.21
640.00 1238.00 2.00 63.22
640.00 1236.00 2.00 63.24
640.00 1234.00 2.00 63.26
640.00 1232.00 2.00 63.27
640.00 1230.00 2.00 63.29
640.00 1228.00 2.00 63.31
640.00 1226.00 2.00 63.33
640.00 1224.00 2.00 63.34
320.00 1216.00 2.00 63.41
320.00 1214.00 2.00 63.43
320.00 1212.00 2.00 63.44
320.00 1210.00 2.00 63.46
320.00 1208.00 2.00 63.48
320.00 1206.00 2.00 63.49
320.00 1204.00 2.00 63.51
320.00 1202.00 2.00 63.53
320.00 1200.00 2.00 63.54
320.00 1198.00 2.00 63.56
480.00 1152.00 2.00 63.95
480.00 1150.00 2.00 63.97
480.00 1148.00 2.00 63.98
480.00 1146.00 2.00 64.00
480.00 1144.00 2.00 64.02
480.00 1142.00 2.00 64.03
480.00 1140.00 2.00 64.05
480.00 1138.00 2.00 64.07
480.00 1136.00 2.00 64.08
480.00 1134.00 2.00 64.10
640.00 1114.00 2.00 64.27
640.00 1112.00 2.00 64.29
640.00 1110.00 2.00 64.30
640.00 1108.00 2.00 64.33
640.00 1106.00 2.00 64.34
640.00 1104.00 2.00 64.36
640.00 1102.00 2.00 64.38
160.00 1100.00 2.00 64.40
160.00 1098.00 2.00 64.41
160.00 1096.00 2.00 64.43
160.00 1094.00 2.00 64.45
160.00 1092.00 2.00 64.46
160.00 1090.00 2.00 64.48
160.00 1088.00 2.00 64.49
160.00 1086.00 2.00 64.51
160.00 1084.00 2.00 64.53
160.00 1082.00 2.00 64.55
160.00 1080.00 2.00 64.56
320.00 1044.00 2.00 64.87
320.00 1042.00 2.00 64.88
320.00 1040.00 2.00 64.90
320.00 1038.00 2.00 64.92
320.00 1036.00 2.00 64.93
320.00 1034.00 2.00 64.95
320.00 1032.00 2.00 64.97
320.00 1030.00 2.00 64.98
320.00 1028.00 2.00 65.00
320.00 1026.00 2.00 65.02
320.00 1024.00 2.00 65.03
480.00 1022.00 2.00 65.05
480.00 1020.00 2.00 65.07
160.00 998.00 2.00 65.25
160.00 996.00 2.00 65.27
160.00 994.00 2.00 65.28
160.00 992.00 2.00 65.30
160.00 990.00 2.00 65.32
160.00 988.00 2.00 65.34
160.00 986.00 2.00 65.35
160.00 984.00 2.00 65.37
160.00 982.00 2.00 65.38
160.00 980.00 2.00 65.40
640.00 976.00 2.00 65.44
640.00 974.00 2.00 65.45
640.00 972.00 2.00 65.47
640.00 970.00 2.00 65.49
640.00 968.00 2.00 65.50
640.00 966.00 2.00 65.52
640.00 964.00 2.00 65.54
640.00 962.00 2.00 65.55
640.00 960.00 2.00 65.57
160.00 950.00 2.00 65.66
160.00 948.00 2.00 65.67
160.00 946.00 2.00 65.69
160.00 944.00 2.00 65.71
160.00 942.00 2.00 65.72
160.00 940.00 2.00 65.74
160.00 938.00 2.00 65.76
160.00 936.00 2.00 65.78
160.00 934.00 2.00 65.79
160.00 932.00 2.00 65.81
160.00 930.00 2.00 65.83
320.00 928.00 2.00 65.84
320.00 926.00 2.00 65.86
320.00 924.00 2.00 65.88
320.00 922.00 2.00 65.89
320.00 920.00 2.00 65.91
320.00 918.00 2.00 65.93
320.00 916.00 2.00 65.95
320.00 914.00 2.00 65.96
320.00 912.00 2.00 65.98
320.00 910.00 2.00 65.99
320.00 908.00 2.00 66.01
480.00 906.00 2.00 66.03
480.00 904.00 2.00 66.05
480.00 902.00 2.00 66.06
480.00 900.00 2.00 66.08
480.00 898.00 2.00 66.10
480.00 896.00 2.00 66.11
480.00 894.00 2.00 66.13
480.00 892.00 2.00 66.15
480.00 890.00 2.00 66.16
480.00 888.00 2.00 66.18
160.00 878.00 2.00 66.27
160.00 876.00 2.00 66.28
160.00 874.00 2.00 66.30
160.00 872.00 2.00 66.32
160.00 870.00 2.00 66.33
160.00 868.00 2.00 66.35
160.00 866.00 2.00 66.37
160.00 864.00 2.00 66.38
160.00 862.00 2.00 66.40
160.00 860.00 2.00 66.42
640.00 858.00 2.00 66.44
640.00 856.00 2.00 66.45
480.00 730.00 2.00 67.51
480.00 728.00 2.00 67.53
480.00 726.00 2.00 67.55
480.00 724.00 2.00 67.57
480.00 722.00 2.00 67.58
480.00 720.00 2.00 67.60
480.00 718.00 2.00 67.62
480.00 716.00 2.00 67.63
480.00 714.00 2.00 67.65
480.00 712.00 2.00 67.67
480.00 710.00 2.00 67.68
480.00 708.00 2.00 67.70
480.00 706.00 2.00 67.72
480.00 704.00 2.00 67.73
480.00 702.00 2.00 67.75
480.00 700.00 2.00 67.77
480.00 698.00 2.00 67.79
480.00 696.00 2.00 67.80
480.00 694.00 2.00 67.82
480.00 692.00 2.00 67.84
480.00 690.00 2.00 67.86
480.00 688.00 2.00 67.87
480.00 686.00 2.00 67.89
480.00 684.00 2.00 67.91
480.00 682.00 2.00 67.92
480.00 680.00 2.00 67.94
160.00 648.00 2.00 68.21
160.00 646.00 2.00 68.23
160.00 644.00 2.00 68.25
160.00 642.00 2.00 68.26
160.00 640.00 2.00 68.28
160.00 638.00 2.00 68.30
160.00 636.00 2.00 68.31
160.00 634.00 2.00 68.33
160.00 632.00 2.00 68.35
160.00 630.00 2.00 68.36
160.00 628.00 2.00 68.38
160.00 600.00 2.00 68.62
160.00 598.00 2.00 68.63
160.00 596.00 2.00 68.65
160.00 594.00 2.00 68.67
160.00 592.00 2.00 68.68
160.00 590.00 2.00 68.70
160.00 588.00 2.00 68.72
160.00 586.00 2.00 68.74
160.00 584.00 2.00 68.75
160.00 582.00 2.00 68.77
160.00 580.00 2.00 68.79
160.00 578.00 2.00 68.80
160.00 576.00 2.00 68.82
160.00 574.00 2.00 68.84
160.00 572.00 2.00 68.85
160.00 570.00 2.00 68.87
160.00 568.00 2.00 68.89
160.00 566.00 2.00 68.90
160.00 552.00 2.00 69.02
160.00 550.00 2.00 69.04
160.00 548.00 2.00 69.06
160.00 546.00 2.00 69.07
160.00 532.00 2.00 69.19
160.00 530.00 2.00 69.21
160.00 528.00 2.00 69.23
160.00 526.00 2.00 69.24
160.00 512.00 2.00 69.36
160.00 510.00 2.00 69.38
160.00 508.00 2.00 69.39
160.00 506.00 2.00 69.41
160.00 494.00 2.00 69.51
160.00 492.00 2.00 69.53
160.00 490.00 2.00 69.55
160.00 488.00 2.00 69.56
160.00 486.00 2.00 69.58
160.00 474.00 2.00 69.68
160.00 472.00 2.00 69.70
160.00 470.00 2.00 69.71
160.00 468.00 2.00 69.73
160.00 466.00 2.00 69.75
160.00 464.00 2.00 69.76
640.00 422.00 2.00 70.12
640.00 420.00 2.00 70.14
640.00 418.00 2.00 70.15
640.00 416.00 2.00 70.17
640.00 414.00 2.00 70.19
640.00 412.00 2.00 70.20
640.00 410.00 2.00 70.22
640.00 408.00 2.00 70.24
640.00 406.00 2.00 70.25
640.00 404.00 2.00 70.27
640.00 402.00 2.00 70.29
640.00 400.00 2.00 70.31
640.00 398.00 2.00 70.32
640.00 396.00 2.00 70.34
640.00 394.00 2.00 70.36
640.00 392.00 2.00 70.38
640.00 390.00 2.00 70.39
640.00 388.00 2.00 70.41
640.00 386.00 2.00 70.43
640.00 384.00 2.00 70.44
640.00 382.00 2.00 70.46
640.00 380.00 2.00 70.53
640.00 378.00 2.00 70.54
640.00 376.00 2.00 70.56
640.00 374.00 2.00 70.58
640.00 372.00 2.00 70.59
640.00 370.00 2.00 70.61
640.00 368.00 2.00 70.63
640.00 366.00 2.00 70.65
640.00 364.00 2.00 70.66
640.00 362.00 2.00 70.68
640.00 360.00 2.00 70.70
640.00 358.00 2.00 70.71
640.00 356.00 2.00 70.73
640.00 354.00 2.00 70.75
640.00 352.00 2.00 70.77
640.00 350.00 2.00 70.78
640.00 348.00 2.00 70.80
640.00 346.00 2.00 70.82
640.00 344.00 2.00 70.83
640.00 342.00 2.00 70.85
320.00 330.00 2.00 70.95
320.00 328.00 2.00 70.97
320.00 326.00 2.00 70.98
320.00 324.00 2.00 71.00
320.00 322.00 2.00 71.02
320.00 320.00 2.00 71.03
320.00 318.00 2.00 71.05
320.00 316.00 2.00 71.07
320.00 314.00 2.00 71.09
320.00 312.00 2.00 71.10
320.00 310.00 2.00 71.12
320.00 308.00 2.00 71.14
320.00 306.00 2.00 71.15
320.00 304.00 2.00 71.17
320.00 302.00 2.00 71.19
320.00 300.00 2.00 71.20
320.00 298.00 2.00 71.22
320.00 296.00 2.00 71.24
320.00 294.00 2.00 71.25
320.00 292.00 2.00 71.27
320.00 290.00 2.00 71.29
320.00 288.00 2.00 71.31
320.00 286.00 2.00 71.32
320.00 284.00 2.00 71.34
320.00 282.00 2.00 71.36
320.00 280.00 2.00 71.37
320.00 278.00 2.00 71.39
320.00 276.00 2.00 71.41
320.00 274.00 2.00 71.42
320.00 272.00 2.00 71.44
320.00 270.00 2.00 71.46
320.00 268.00 2.00 71.48
320.00 266.00 2.00 71.49
320.00 264.00 2.00 71.51
320.00 262.00 2.00 71.53
320.00 260.00 2.00 71.54
320.00 258.00 2.00 71.56
320.00 256.00 2.00 71.58
320.00 254.00 2.00 71.59
320.00 252.00 2.00 71.61
320.00 250.00 2.00 71.63
320.00 248.00 2.00 71.65
320.00 246.00 2.00 71.66
320.00 244.00 2.00 71.68
160.00 242.00 2.00 71.70
160.00 240.00 2.00 71.71
160.00 238.00 2.00 71.73
160.00 236.00 2.00 71.75
160.00 234.00 2.00 71.76
160.00 232.00 2.00 71.78
160.00 230.00 2.00 71.80
160.00 228.00 2.00 71.81
160.00 226.00 2.00 71.83
160.00 224.00 2.00 71.85
160.00 222.00 2.00 71.86
160.00 220.00 2.00 71.88
160.00 218.00 2.00 71.90
160.00 216.00 2.00 71.91
160.00 214.00 2.00 71.93
160.00 212.00 2.00 71.95
160.00 210.00 2.00 71.97
160.00 208.00 2.00 71.98
160.00 206.00 2.00 72.00
160.00 204.00 2.00 72.01
160.00 202.00 2.00 72.03
160.00 200.00 2.00 72.05
160.00 198.00 2.00 72.06
160.00 196.00 2.00 72.08
480.00 194.00 2.00 72.10
480.00 192.00 2.00 72.12
480.00 190.00 2.00 72.13
480.00 188.00 2.00 72.15
480.00 186.00 2.00 72.17
480.00 184.00 2.00 72.18
480.00 182.00 2.00 72.20
480.00 180.00 2.00 72.22
480.00 178.00 2.00 72.23
480.00 176.00 2.00 72.25
480.00 174.00 2.00 72.27
480.00 172.00 2.00 72.29
480.00 170.00 2.00 72.30
480.00 168.00 2.00 72.32
480.00 166.00 2.00 72.34
480.00 164.00 2.00 72.36
480.00 162.00 2.00 72.37
480.00 160.00 2.00 72.39
480.00 158.00 2.00 72.41
480.00 156.00 2.00 72.42
480.00 154.00 2.00 72.44
480.00 152.00 2.00 72.46
480.00 150.00 2.00 72.47
480.00 148.00 2.00 72.49
480.00 146.00 2.00 72.51
