3.512798 3 0.149937
4.179585 1 0.033418
5.029507 3 0.066106
5.279600 4 0.066209
5.812810 2 0.083276
6.679790 3 0.166956
7.379498 1 0.049956
8.246390 3 0.083297
8.596187 4 0.066662
9.062881 2 0.099959
9.896195 3 0.066662
10.296437 1 0.049842
10.462932 3 0.083371
10.913013 1 0.049515
11.062852 3 0.049986
11.796190 4 0.066660
12.663123 3 0.066902
12.829543 2 0.082814
12.979657 3 0.066408
13.496217 1 0.082998
13.662862 3 0.083329
14.146180 2 0.083141
14.429875 3 0.116703
15.146187 4 0.333318
15.562880 3 0.099678
15.846197 2 0.099993
16.012861 3 0.099708
16.146193 1 0.083322
16.329546 4 0.066630
16.779688 3 0.099709
17.146187 2 0.083265
17.996490 3 0.083358
18.112867 2 0.066462
18.329735 3 0.083202
18.496220 2 0.099978
18.679863 3 0.116942
18.862911 2 0.116308
19.079542 3 0.133075
19.279774 2 0.116570
19.629557 4 0.099399
20.012871 1 0.066251
20.446535 3 0.066952
21.213022 3 0.066809
21.379574 2 0.083325
21.629566 4 0.099984
21.762922 1 0.066768
22.013115 3 0.116831
22.196560 2 0.116982
22.446579 4 0.149934
22.612873 1 0.100060
22.879551 3 0.099978
23.296253 2 0.082958
23.479551 3 0.099988
23.913170 2 0.100287
24.029898 3 0.049907
24.796539 4 0.099929
24.762962 1 0.033026
25.712900 3 0.099455
25.812952 2 0.050100
26.029890 4 0.066425
26.496252 1 0.082810
26.646233 3 0.083283
27.129595 2 0.099992
27.312906 4 0.099488
28.029928 4 0.066935
28.062916 1 0.066171
29.329618 3 0.116356
30.429924 1 0.383342
30.979597 3 0.066197
31.179832 2 0.066882
31.479904 4 0.116946
31.629606 1 0.083119
31.846285 3 0.116648
31.979729 2 0.083520
32.213264 4 0.116977
32.362976 1 0.099798
32.596283 3 0.116660
33.379604 2 0.066647
34.196598 3 0.066957
34.379608 1 0.083304
34.646267 3 0.116614
34.779610 1 0.066665
35.079597 4 0.099973
35.262966 2 0.099638
35.462967 3 0.099980
35.696297 1 0.133312
36.296566 4 0.150286
36.979668 3 0.166726
40.413086 3 1.699683
42.396320 2 0.132827
43.062977 4 0.050011
43.946522 3 0.083504
44.146328 1 0.100012
44.346298 4 0.116621
44.512966 2 0.099491
44.762985 3 0.149994
44.913174 1 0.100280
45.196342 4 0.166656
45.396671 2 0.133732
45.646305 3 0.116633
46.363003 4 0.116670
47.196583 3 0.083596
47.379639 2 0.116177
47.612999 4 0.116301
47.746342 1 0.066756
48.029690 3 0.166640
48.112984 2 0.099699
48.346382 4 0.116356
48.496365 1 0.100086
49.146355 3 0.449707
50.196400 2 0.583376
51.729721 4 0.149627
51.863049 1 0.083421
52.113045 3 0.149328
52.696667 2 0.133568
56.196384 3 3.016158
57.096428 3 0.116385
57.563072 4 0.083014
57.596386 1 0.082956
58.146389 2 0.132876
58.179989 3 0.133662
58.713573 1 0.100460
58.746380 4 0.100061
59.279922 2 0.100084
59.313034 3 0.100037
59.646416 4 0.099739
59.696423 1 0.099757
60.030190 1 0.099423
60.079735 4 0.116179
60.663189 2 0.083357
60.713425 3 0.099976
61.313072 4 0.116269
61.346378 1 0.116461
61.996845 3 0.117074
62.046417 1 0.116121
62.563095 2 0.132903
62.596451 4 0.132914
62.963436 3 0.149978
62.930046 1 0.083684
63.313076 4 0.099544
64.063103 3 0.149656
64.646454 2 0.133323
65.279793 1 0.133326
65.746483 2 0.116609
66.163383 3 0.116648
66.529831 4 0.082876
67.263184 3 0.133307
67.829857 2 0.133340
68.463631 1 0.117135
69.029854 2 0.099352
69.280083 4 0.116478
69.446724 1 0.066877
69.646500 3 0.099641
69.796539 2 0.083432
70.046501 4 0.116211
70.196770 1 0.083593
70.430153 3 0.083610
70.596542 2 0.100001
70.830101 4 0.133141
70.980026 1 0.083542
71.180153 3 0.083609
71.346527 2 0.099899
71.546501 4 0.116210
71.680054 1 0.066882
71.963211 3 0.150028
72.046532 2 0.099917
72.280190 4 0.116549
72.413429 1 0.083585
72.646538 3 0.116628
72.763489 2 0.066832
73.029892 4 0.133336
73.163445 1 0.066868
73.463531 3 0.116964
73.596565 2 0.065992
73.879906 4 0.133334
74.013336 1 0.066424
74.263268 3 0.116724
74.396881 2 0.083745
74.646545 4 0.133326
74.763260 1 0.066511
75.013214 3 0.116260
75.146553 2 0.083378
75.379890 4 0.149938
75.513214 1 0.082994
75.763229 3 0.116669
75.896896 2 0.083756
76.129906 4 0.116665
76.263268 1 0.066356
76.513222 3 0.099587
76.663246 2 0.083342
76.879898 4 0.116614
77.029922 1 0.100075
77.213226 3 0.083266
77.363266 2 0.083429
77.563278 4 0.116693
77.696587 1 0.082720
77.930191 2 0.083585
77.996834 3 0.117013
78.646553 4 0.149918
78.613243 1 0.066671
81.430534 3 2.233464
81.463257 2 2.232952
82.063293 3 0.066282
82.263557 1 0.099913
82.479919 4 0.116579
82.629974 2 0.083455
83.013252 3 0.166620
82.980141 2 0.083576
83.329987 1 0.066360
83.363312 4 0.066737
83.746597 2 0.116561
83.713295 3 0.050072
84.063293 1 0.083315
84.096634 4 0.083409
84.430275 2 0.083601
84.463280 3 0.083411
84.830147 1 0.049333
84.913597 4 0.099719
85.329979 3 0.132687
85.296654 2 0.066259
85.763290 2 0.149977
85.729973 3 0.082889
86.146599 4 0.133253
86.113281 1 0.066621
86.513306 3 0.116629
86.563301 1 0.099939
86.963310 2 0.116664
86.996635 4 0.116761
87.346649 1 0.116078
87.379929 3 0.116391
87.713280 2 0.099972
87.763298 4 0.116735
88.180161 3 0.166347
88.146637 1 0.100049
88.513298 2 0.099596
88.563324 4 0.116297
88.979958 3 0.183278
88.946625 1 0.100058
89.330009 2 0.116685
89.363297 4 0.116745
89.730011 1 0.099933
89.779938 3 0.116683
90.130013 1 0.083218
90.163559 3 0.083674
90.563339 4 0.099939
90.596634 2 0.100034
90.979965 2 0.116600
91.013252 4 0.116225
91.396660 1 0.133272
91.430183 3 0.133587
91.829987 4 0.166552
91.796661 1 0.100068
92.180229 3 0.149156
92.096664 2 0.033178
92.580017 1 0.132619
92.613289 4 0.133393
93.030037 4 0.149969
92.997101 1 0.083542
93.346695 2 0.099176
93.379967 3 0.100022
93.780045 2 0.132176
93.813332 3 0.133124
94.180138 1 0.116679
94.213303 4 0.116653
94.663651 4 0.166838
94.630043 1 0.100057
94.996742 2 0.116669
95.030037 3 0.116436
95.413574 2 0.133513
95.446785 3 0.116791
95.830025 1 0.166587
95.796707 4 0.083420
96.230278 3 0.116855
96.263519 2 0.116571
96.646698 3 0.083268
97.046722 3 0.083302
97.463676 1 0.066489
97.913696 1 0.116961
98.313354 4 0.116198
98.713364 4 0.133331
99.046692 2 0.116278
99.446922 2 0.100200
99.846687 1 0.066376
99.896706 3 0.083407
100.330063 2 0.132976
100.363403 4 0.133083
100.713676 1 0.116883
100.746742 3 0.116738
101.113365 2 0.116526
101.163612 4 0.133614
101.513382 1 0.133290
101.546669 3 0.132877
101.896767 2 0.116667
101.946823 4 0.133516
102.330078 3 0.149481
102.746979 1 0.116871
103.197052 4 0.150318
103.546730 1 0.099568
103.946938 3 0.116845
104.380089 1 0.116642
104.763443 2 0.116710
105.196991 4 0.116908
105.597115 3 0.166458
105.913651 1 0.066902
106.163719 3 0.116958
106.530113 1 0.099467
106.713432 3 0.116657
107.147079 1 0.116922
107.497070 3 0.166902
107.963737 2 0.083631
108.130127 4 0.099504
108.330139 1 0.116260
108.530144 3 0.133399
108.880089 2 0.149783
109.246780 2 0.083036
109.630119 4 0.116649
110.063751 4 0.150279
110.413460 1 0.099348
110.880119 1 0.116605
111.230125 3 0.116692
111.613724 3 0.099976
112.013657 2 0.099660
112.446800 2 0.083312
112.880112 4 0.132903
113.330147 4 0.150026
113.696808 1 0.099945
114.113449 1 0.116173
114.430428 3 0.083631
114.830154 3 0.116244
115.213768 2 0.100307
115.680260 2 0.116761
116.130157 4 0.116410
116.563484 4 0.132903
116.913681 1 0.116851
117.346809 1 0.099658
117.730141 3 0.150010
118.096832 3 0.133311
118.447098 2 0.083571
118.913734 2 0.133600
119.330154 4 0.149645
119.763512 1 0.116087
120.180443 3 0.116775
120.413742 1 0.083390
120.647133 3 0.133620
120.797012 1 0.082999
121.030174 4 0.116285
121.180450 2 0.083664
121.397148 4 0.116959
121.530174 2 0.082981
121.863525 3 0.133320
122.196846 1 0.083369
122.646820 4 0.116590
122.996864 2 0.116715
123.413666 3 0.133330
123.796867 1 0.116710
124.197090 4 0.116896
124.630211 4 0.133344
124.980186 1 0.100023
125.396881 3 0.116717
125.830215 2 0.133337
126.313499 4 0.166675
126.680557 1 0.133700
127.130196 3 0.166653
127.546837 3 0.133037
127.830200 1 0.083360
128.263565 4 0.133312
128.680511 2 0.133676
129.063538 2 0.099384
129.513504 3 0.149938
129.863556 1 0.116662
130.313522 4 0.166639
130.696869 1 0.133299
131.180344 3 0.166831
131.480423 2 0.100240
131.946991 4 0.116757
132.113525 1 0.082530
132.496872 3 0.082963
132.647293 2 0.050365
133.147232 4 0.100374
133.263535 1 0.050005