2.413783 2 0.321103
2.547458 3 0.115326
2.715702 2 0.116011
2.816895 3 0.067634
2.933654 2 0.083366
3.000753 3 0.047700
3.336252 2 0.315444
3.554085 3 0.065136
3.688774 2 0.081654
3.822752 0 0.115738
3.940586 1 0.199947
4.142777 2 0.100896
4.294667 3 0.067472
4.445472 2 0.100118
4.613822 2 0.101417
4.679933 3 0.081186
4.781911 2 0.082504
4.833158 3 0.051246
4.949236 2 0.083126
5.016202 1 0.048178
5.049388 3 0.064344
5.117157 0 0.100955
5.153280 2 0.067261
5.200886 1 0.047607
5.234626 3 0.064115
5.301677 0 0.083495
5.352076 2 0.081588
5.419208 3 0.082225
5.419208 1 0.048198
5.485888 0 0.097462
5.536721 2 0.083951
5.586381 1 0.081270
5.605832 3 0.084167
5.654778 0 0.082388
5.721582 2 0.083243
5.740273 1 0.051967
5.805734 3 0.065461
5.839272 0 0.081755
5.905748 2 0.066476
5.940228 1 0.084175
6.006764 0 0.083942
5.972466 3 0.049644
6.140013 2 0.116684
6.123048 1 0.083142
6.189718 0 0.049705
6.409200 0 0.132807
6.442472 3 0.015970
6.695129 2 0.234814
6.762156 1 0.151018
6.997359 0 0.148872
6.980397 3 0.081823
7.082561 2 0.085202
7.113910 1 0.099041
7.150403 3 0.067842
7.198997 0 0.099172
7.265995 2 0.098173
7.299553 1 0.081959
7.384750 0 0.101727
7.333091 3 0.050067
7.484898 2 0.132534
7.451514 1 0.033174
7.571237 0 0.102708
7.552131 3 0.083602
7.654055 2 0.082817
7.671542 1 0.085438
7.755076 0 0.101023
7.755076 3 0.101022
8.409683 2 0.520033
9.280488 2 0.485435
10.050396 2 0.450505
10.766209 2 0.412416
11.220152 0 0.133750
11.169262 3 0.082860
11.270315 2 0.084092
11.287139 1 0.083144
11.372138 0 0.085000
11.353439 3 0.066301
11.454266 2 0.082127
11.471315 1 0.082097
11.555442 0 0.084126
11.521721 3 0.050405
12.178268 2 0.603530
13.150651 2 0.517803
14.210281 2 0.604845
15.233477 2 0.569752
15.951129 2 0.366483
16.454821 3 0.469873
17.260271 3 0.453135
18.200363 3 0.569287
19.121004 3 0.435830
19.305372 1 0.064512
19.341885 2 0.067955
19.391228 0 0.100329
19.391228 3 0.049343
19.493343 1 0.082957
19.510023 2 0.082698
19.526363 0 0.049285
19.560085 3 0.050062
19.626884 1 0.049842
19.660646 2 0.083602
19.728115 0 0.101230
19.693962 3 0.048127
19.795448 1 0.049750
19.812828 2 0.050530
19.863354 3 0.084403
19.863354 0 0.050526
19.964911 1 0.065944
19.964911 2 0.032432
20.031834 0 0.083613
20.031834 3 0.050466
20.150297 1 0.081845
20.116543 2 0.048089
20.167463 3 0.050921
20.200912 0 0.067357
20.287205 2 0.069366
20.234436 1 -0.000000
20.335070 0 0.047865
20.335070 3 0.047865
20.452696 2 0.100634
20.402407 1 0.033129
20.522036 0 0.102690
20.503927 3 0.034281
20.570234 1 0.031202
20.608728 2 0.069696
20.677364 0 0.068809
20.659567 3 0.033686
20.776970 1 0.066297
20.776970 2 0.049801
20.861618 0 0.067566
20.913532 3 0.119476
21.012297 1 0.114632
20.981081 2 0.050524
21.080273 3 0.099192
21.080273 0 0.084181
21.200108 2 0.083757
21.164412 1 0.014432
21.265800 3 0.080928
21.282658 0 0.067067
21.384966 1 0.066918
21.384966 2 0.066918
21.450340 3 0.082082
21.467186 0 0.065607
21.586161 2 0.085600
21.586161 1 0.050085
21.669449 3 0.065938
21.803902 2 0.067533
21.854689 1 0.081771
21.904848 3 0.066894
21.938526 0 0.083837
22.024677 2 0.086150
22.024677 1 0.069434
22.090851 3 0.082408
22.107786 0 0.067411
22.174923 2 0.067136
22.209240 1 0.067412
22.242733 3 0.050678
22.293167 0 0.066858
22.360231 2 0.067065
22.376879 1 0.066958
22.428219 3 0.067987
22.478312 0 0.081466
22.562571 2 0.100821
22.545542 1 0.050325
22.663433 0 0.100862
22.613365 3 0.050794
22.714010 2 0.083918
22.731089 1 0.050110
22.780785 3 0.049695
22.850603 0 0.102839
22.898867 2 0.048264
22.999569 0 0.115754
22.965609 1 0.049728
22.982897 3 0.067017
23.102062 2 0.085237
23.183077 3 0.081014
23.183077 0 0.063583
23.250809 1 0.098771
23.267662 2 0.051031
23.368311 3 0.081079
23.386772 0 0.065723
23.487175 1 0.084793
23.487175 2 0.084793
23.573877 0 0.103434
23.555470 3 0.048659
