1.924199 3 0.116147
2.324491 1 0.117022
3.357473 3 0.099600
3.640796 1 0.099679
4.741119 3 0.099968
5.024368 1 0.050236
6.241108 4 0.100292
6.507461 2 0.082935
7.574329 3 0.083017
7.841107 1 0.116969
8.991055 2 0.083572
9.307657 4 0.099531
10.424639 3 0.099893
10.641217 1 0.099899
11.890807 4 0.116275
12.107468 2 0.066384
13.307680 3 0.149679
13.341022 1 0.099890
14.407497 4 0.116264
14.690826 2 0.099616
15.124159 3 0.149981
15.424149 1 0.116374
15.807505 4 0.116661
15.957490 2 0.083326
16.174156 3 0.116480
16.290817 1 0.066723
16.490908 4 0.116488
16.657717 2 0.116485
16.857752 3 0.116911
16.991009 1 0.083531
17.174217 4 0.082854
17.574240 3 0.100061
17.940838 3 0.099988
18.290836 2 0.116647
18.724192 2 0.133283
19.274481 4 0.166438
19.574438 1 0.100001
19.974194 3 0.132639
20.291092 2 0.116895
20.690889 4 0.133075
21.024548 1 0.150348
21.374437 3 0.133222
21.607777 2 0.116397
21.841055 4 0.150137
21.991152 1 0.100360
22.207497 3 0.149347
22.291159 2 0.100250
22.540833 4 0.166627
22.624458 1 0.100103
22.857544 3 0.099610
23.274530 3 0.116412
23.540874 2 0.116160
24.041090 3 0.100214
24.224194 2 0.083326
24.624191 3 0.099500
24.974205 2 0.083323
25.307753 3 0.083547
25.474188 2 0.082833
25.890860 1 0.099757
26.274487 4 0.083590
26.624205 2 0.099740
26.874422 3 0.066502
27.007730 1 0.083395
27.424219 4 0.132976
27.707525 2 0.099624
28.057795 3 0.116900
28.257812 1 0.100255
28.424194 4 0.099987
28.540890 2 0.066744
28.741161 3 0.083586
28.857557 1 0.049472
29.024506 4 0.066951
29.174194 2 0.066634
29.374208 3 0.083320
29.524204 1 0.083388
29.707542 4 0.116647
29.841248 2 0.066623
30.057686 3 0.116782
30.141403 1 0.100073
30.341211 4 0.133718
30.424496 2 0.099606
30.657539 3 0.116221
30.774536 1 0.133187
30.991016 4 0.149584
31.074472 2 0.100194
31.257833 3 0.100268
31.407543 1 0.083384
31.607536 4 0.133308
31.690866 2 0.099923
31.874264 3 0.066697
32.341156 3 0.099976
32.707584 2 0.132939
34.140907 3 0.132923
34.474236 3 0.099605
34.874458 2 0.150212
35.190918 2 0.099512
35.524483 3 0.100192
35.824379 1 0.066278
36.241154 4 0.150224
36.507591 2 0.099997
36.874226 3 0.083304
37.257599 1 0.116663
37.690922 4 0.149487
37.974251 2 0.099990
38.307827 3 0.066886
38.507618 1 0.099619
38.690945 4 0.099963
38.857754 2 0.082866
38.991131 3 0.049772
39.174477 1 0.083016
39.341328 4 0.083473
39.474243 2 0.066198
39.607834 3 0.049901
40.091240 1 0.083389
40.457592 4 0.116638
40.774284 2 0.100011
41.107624 3 0.116337
41.507793 1 0.133499
41.924492 4 0.133535
42.190933 2 0.116242
42.524570 3 0.133251
42.857796 1 0.116466
43.307598 4 0.133309
43.524269 2 0.083317
43.807629 3 0.099981
43.940933 1 0.066720
44.107643 4 0.083364
44.224327 2 0.066267
44.407978 3 0.083381
44.540924 1 0.082991
44.674519 4 0.066656
44.841274 2 0.099933
45.007851 3 0.083044
45.174313 1 0.099872
45.307793 4 0.066332
45.541203 2 0.149722
45.841377 3 0.117081
46.157917 4 0.116684
46.390953 1 0.116127
46.690960 3 0.116441
46.857826 2 0.100095
47.190975 4 0.132929
47.424278 1 0.066018
47.707615 3 0.083315
47.957619 2 0.083327
48.174335 4 0.115994
48.274567 1 0.033184
48.657673 3 0.116384
48.924294 2 0.099974
49.340973 4 0.133318
49.541115 1 0.099874
49.907616 3 0.116209
50.190956 2 0.099478
50.640980 4 0.133320
50.841255 1 0.083281
51.074585 3 0.116944
51.357899 2 0.099730
51.741161 4 0.116418
51.991272 1 0.083621
52.307919 3 0.116925
52.441265 2 0.066732
52.857891 4 0.149604
53.107910 1 0.099834
53.474300 3 0.099973
53.624359 2 0.049980
53.857670 4 0.116226
53.957626 1 0.050045
54.157631 3 0.049978
54.291374 2 0.050350
54.540985 4 0.116155
54.624500 1 0.033479
54.841251 3 0.100035
54.940956 2 0.033302
55.207630 4 0.132954
55.274555 1 0.083515
55.491299 3 0.100296
55.590981 2 0.050054
55.841282 4 0.150138
55.907902 1 0.099889
56.157639 3 0.149588
56.224304 2 0.082643
56.441010 4 0.116157
56.574574 1 0.066485
56.791298 3 0.116970
57.040997 2 0.100002
57.424671 4 0.117001
57.657890 1 0.100023
57.957664 3 0.149649
58.041233 2 0.033171
58.274525 4 0.100183
58.407688 1 0.066145
58.574471 3 0.049821
58.741337 2 0.099716
58.957962 4 0.116503
59.541351 3 0.116402
59.891003 2 0.099580
60.307907 3 0.150208
60.607685 2 0.166630
60.991032 3 0.133334
61.141029 2 0.083378
61.307945 3 0.100250
61.441307 2 0.066620
61.624645 3 0.099895
61.774529 1 0.083520
61.991482 4 0.116600
62.124512 2 0.083345
62.291279 3 0.100259
62.774612 2 0.116905
63.091312 3 0.133364
63.374653 2 0.116593
63.791241 4 0.166119
64.091385 1 0.117013
64.491348 3 0.100312
64.691017 2 0.066656
64.924362 4 0.099664
65.041344 1 0.067044
65.241356 3 0.066986
65.574387 3 0.082675
65.957916 3 0.100203
66.341415 3 0.099924
66.741333 3 0.116681
67.091263 3 0.099798
67.474380 3 0.099967
67.891029 3 0.099973
68.308105 1 0.116483
68.707748 4 0.133027
69.041313 2 0.133259
69.407722 3 0.149674
69.774384 1 0.149989
70.124756 4 0.150260
70.474403 2 0.166213
70.857903 3 0.150162
71.024734 1 0.083686
71.224373 4 0.116444
71.391045 2 0.082890
71.641075 3 0.149423
71.741508 1 0.117041
71.907730 4 0.099498
72.091049 2 0.099377
72.291054 3 0.099990
72.441376 1 0.100378
72.641258 4 0.116869
72.774673 2 0.067010
73.024643 3 0.116801
73.174370 1 0.082867
73.391083 4 0.149523
73.524719 2 0.083723
73.724426 3 0.083287
74.107735 3 0.133323
74.374413 2 0.116313
74.757988 2 0.116894
75.074654 4 0.100231
75.424622 4 0.116394
75.707733 1 0.066299
76.141090 1 0.099538
76.474403 3 0.116655
76.841064 2 0.083301
77.207733 3 0.116166
77.474403 2 0.116333
77.924416 4 0.116016
78.057724 1 0.066140
78.241425 3 0.067011
78.391052 2 0.083124
78.657806 4 0.133277
78.807945 1 0.100236
78.991455 3 0.117038
79.107735 2 0.066533
79.407768 4 0.149500
79.757965 3 0.116867
80.157745 3 0.099969
80.558167 3 0.117060
80.891121 2 0.099989
81.258034 2 0.116913
81.624420 2 0.116467
81.974449 2 0.116666
82.274475 1 0.116701
82.674477 1 0.116220
83.024628 1 0.100176
83.441109 2 0.132974
83.841438 2 0.133621
84.207764 2 0.116072
84.607765 2 0.116145
84.957794 3 0.116421
85.341118 3 0.166657
85.658020 3 0.133559
86.008118 3 0.116376
86.358032 4 0.133566
86.691101 4 0.083313
87.041138 4 0.100008
87.441116 4 0.133320
87.741333 1 0.083232
88.157791 3 0.116312
88.457794 2 0.099516
88.841461 4 0.116964
89.224457 2 0.133095
89.591339 3 0.133526
89.907791 1 0.099553
90.124443 4 0.149924
90.207779 2 0.099935
90.441147 3 0.116671
90.524620 1 0.033155
91.008163 4 0.150342
91.307808 2 0.116650
91.691383 3 0.116900
91.991333 2 0.083210
92.407997 3 0.149508
92.774643 1 0.133494
93.157829 4 0.166390
93.474464 2 0.149979
93.807831 3 0.166638
94.141777 1 0.150272
94.524475 4 0.166255
94.824768 2 0.133605
95.207817 3 0.132642
95.591187 1 0.166683
95.924500 4 0.133072
96.258194 2 0.166976
96.641472 3 0.150212
97.024681 2 0.149854
97.374702 3 0.116312
97.657822 1 0.115960
98.057999 4 0.150162
98.341148 2 0.066486
98.607841 3 0.099625
98.707863 2 0.033379
98.941162 4 0.116008
99.058060 1 0.066710
99.307808 3 0.133293
99.407814 2 0.116078
99.607841 4 0.133336
99.724472 1 0.066705
99.974503 3 0.132897
100.108086 2 0.083369
100.341438 4 0.166464
100.457832 1 0.132529
100.691139 3 0.166466
100.791512 2 0.116948
101.024719 4 0.166413
101.107941 1 0.099484
101.324944 3 0.133712
101.441185 2 0.133024
101.624512 4 0.116383
101.758163 1 0.066978
109.008141 3 0.066905
110.274872 2 0.116936
111.308174 3 0.100260
111.841545 2 0.150287
112.191238 3 0.132897
112.491547 2 0.149965
112.774971 3 0.117057
113.191231 2 0.116657
113.907921 3 0.149754
114.608162 2 0.116448
115.291473 3 0.116777
116.008118 2 0.116855
116.707909 3 0.166647
117.408089 2 0.099775
118.074806 3 0.150197
118.791512 2 0.116880
119.274933 3 0.150329
120.191513 2 0.133573
120.941269 3 0.116317
121.707954 2 0.149991
122.407951 3 0.166228
123.108276 2 0.150325
123.824913 3 0.183627
124.574722 1 0.133427