2.725215 2 0.066047
3.008027 1 0.099950
3.224650 2 0.099898
3.757989 1 0.099918
3.824655 3 0.099908
4.075275 2 0.067190
4.274653 2 0.049210
4.525834 2 0.050784
4.624721 3 0.049739
4.758183 1 0.066476
4.758183 4 0.049584
4.924667 2 0.099497
4.941434 3 0.050019
5.091432 2 0.082673
5.091432 3 0.000000
5.258032 2 0.033286
5.274805 3 0.033234
5.474676 2 0.083234
5.541348 3 0.083243
5.624963 1 0.100207
5.641561 4 0.066792
5.741471 2 0.066576
5.924807 2 0.066545
5.924807 3 0.066545
6.124812 2 0.099926
6.091476 3 0.033254
6.291479 1 0.099910
6.258142 4 0.049918
6.374814 2 0.099867
6.374814 3 0.066526
6.491474 1 0.048540
6.591485 2 0.083201
6.741480 4 0.099904
6.741480 1 0.082070
6.874815 2 0.116457
6.874815 3 0.099920
6.991488 1 0.099832
7.058628 2 0.033727
7.174823 1 0.083258
7.274824 2 0.033226
7.341494 1 0.049528
7.474822 2 0.083235
7.558157 1 0.066514
7.658879 2 0.083896
7.758158 1 0.083146
7.791495 3 0.116482
7.874931 2 0.066563
7.942197 4 0.133829
7.942197 1 0.067266
8.041502 3 0.082159
8.058277 2 0.066682
8.174837 4 0.099840
8.208170 1 0.099903
8.341509 2 0.099733
8.358274 3 0.116499
8.474837 1 0.099858
8.541509 3 0.132291
8.541509 2 0.049847
8.641512 1 0.049854
8.658274 4 0.066616
8.824850 2 0.149825
8.724846 3 0.049821
8.874846 3 0.083215
9.024849 2 0.049857
9.041621 3 0.066629
9.158183 3 0.066585
9.258709 1 0.133781
9.224944 4 0.049958
9.325009 3 0.100066
9.325009 2 0.083333
9.444501 1 0.086241
9.624850 2 0.149904
9.624850 3 0.049912
9.808182 3 0.099918
9.808182 2 0.066565
9.974853 2 0.066582
10.008183 3 0.049883
10.141520 1 0.099921
10.158278 4 0.066650
10.274851 2 0.099386
10.274851 3 0.066576
10.458645 2 0.083693
10.458645 3 0.067027
11.008232 2 0.483292
11.008232 3 0.433283
13.158421 2 1.900086
13.141661 3 1.850015
14.341747 1 0.666649
14.341748 4 0.616637
14.691753 2 0.149513
14.691753 3 0.116584
14.858418 1 0.099054
14.858418 4 0.083228
15.041748 2 0.099898
15.058511 3 0.049173
15.209226 2 0.050709
15.325183 4 0.066680
15.391754 1 0.066572
15.541855 2 0.098874
15.525087 3 0.082104
15.641752 2 0.049907
15.808421 2 0.066589
16.042006 3 0.049109
16.291826 2 0.049934
16.491804 2 0.033243
16.691807 2 0.049914
16.858475 2 0.049919
17.025139 2 0.049918
17.208471 1 0.083253
17.408476 2 0.083255
17.591808 2 0.083250
17.825142 2 0.066591
17.958477 3 0.033237
18.008478 2 0.033195
18.175146 2 0.049909
18.291834 4 0.066597
18.441837 2 0.083253
18.441837 3 0.049909
18.691841 4 0.099918
18.708605 1 0.082773
18.841854 2 0.083250
18.841854 3 0.033248
19.108524 1 0.049920
19.158525 4 0.066581
19.209436 2 0.084110
19.291946 1 0.066406
19.275188 3 0.049645
19.341946 4 0.032781
19.358620 2 0.016679
19.491854 1 0.066567
19.625191 2 0.083256
19.659500 4 0.084224
19.708521 1 0.049022
19.925186 2 0.083253
20.175190 2 0.116570
20.191959 3 0.066095
20.375208 1 0.116537
20.325193 4 0.066523
20.608564 1 0.083268
20.941887 2 0.166587
21.158556 1 0.149915
21.391891 2 0.148841
21.658556 1 0.133242
21.908562 4 0.166586
21.975229 2 0.116574
22.308561 1 0.149918
22.641891 2 0.216347
22.895416 1 0.184392
23.144285 2 0.199918
23.427622 1 0.216587
23.694290 2 0.233244
23.995165 1 0.267453
24.244646 2 0.249481
24.544447 1 0.283283
24.727707 2 0.183260
24.861032 1 0.116528
24.977722 3 0.099884
24.994471 2 0.083346
25.194395 4 0.149929
25.244396 2 0.098875
25.494396 1 0.216590
25.627733 4 0.031514
25.777731 1 0.099921
25.844398 4 0.049856
25.977747 1 0.099575
26.128550 4 0.067379
26.194414 1 0.099925
26.344418 2 0.099922
26.511082 1 0.149452
26.477747 4 0.099923
26.644426 2 0.099925
26.794426 1 0.133103
26.827759 4 0.099919
26.961094 2 0.116529
27.127762 1 0.149857
27.194427 4 0.149925
27.277765 2 0.099928
27.461100 1 0.164841
27.477892 4 0.083367
27.627769 2 0.116576
27.811115 1 0.163097
27.827866 4 0.133346
28.077795 2 0.216606
28.177792 4 0.133246
28.277796 1 0.181835
28.427797 2 0.133206
28.511131 4 0.099911
28.561129 1 0.116519
28.744482 2 0.149921
28.877914 1 0.116576
28.861155 4 0.099818
29.011810 2 0.117185
29.144489 1 0.116458
29.144489 4 0.099882
29.294489 2 0.099070
29.446436 1 0.135103
29.427828 4 0.116494
29.677958 2 0.183371
29.811281 1 0.133325
29.794516 4 0.066587
29.961262 2 0.133228
30.094601 1 0.149925
30.061264 4 0.066580
30.228001 2 0.116599
30.361483 1 0.116674
30.378084 4 0.116643
30.478003 2 0.066579
30.628025 1 0.133218
30.661451 4 0.066677
30.744692 2 0.083240
30.878031 1 0.116517
31.061367 2 0.149873
31.028030 4 0.116536
31.195518 1 0.117341
31.328125 2 0.116565
31.328125 4 0.116563
31.461365 1 0.133242
31.694778 2 0.216620
31.611368 4 0.083245
31.844702 1 0.149923
31.994699 2 0.131295
31.944698 4 0.081290
32.128033 1 0.116513
32.394703 2 0.249868
32.328033 4 0.099928
32.511372 1 0.066581
32.578163 4 0.100056
32.678078 2 0.099913
32.811489 1 0.116602
32.911411 4 0.099923
32.994831 2 0.166615
33.128124 1 0.133294
33.211460 4 0.099866
33.295490 2 0.117268
33.444836 1 0.149346
33.628262 4 0.100013
33.744835 2 0.116573
33.861507 1 0.099872
33.911503 4 0.099920
33.994858 2 0.099945
34.128197 1 0.116537
34.244911 4 0.098324
34.294910 2 0.116574
34.461575 1 0.133257
34.594913 4 0.116530
34.678242 2 0.183248
34.828247 1 0.133205
34.895634 4 0.117294
35.094913 2 0.249848
35.245014 1 0.099982
35.228245 4 0.083214
35.378254 2 0.033265
35.578251 2 0.066582
35.678249 4 0.083205
35.778252 2 0.083194
36.011608 4 0.099923
36.011608 2 0.066572
36.228371 2 0.050009
36.328278 4 0.099907
36.444946 2 0.033256
36.578278 4 0.049917
37.111614 2 0.416587
37.011616 4 0.249928
37.311699 1 0.149964
37.294949 4 0.133213
37.794949 1 0.399105
37.845058 4 0.400032
38.261620 1 0.216586
38.461620 4 0.266591
38.411621 2 0.166587
38.911625 2 0.349919
39.044952 1 0.149921
39.094959 4 0.099695
39.245544 2 0.100496
39.261711 4 0.050000
39.711632 2 0.366591
39.678848 4 0.250455
39.878300 1 0.149867
39.994965 2 0.049913
40.411659 4 0.299930
40.411659 2 0.282245
40.595798 1 0.167295
40.711658 2 0.133255
40.778328 4 0.083261
40.845074 1 0.116610
40.978424 2 0.133348
41.145092 1 0.166667
41.178329 4 0.166578
41.345093 2 0.200000
41.461803 1 0.116711
41.445042 4 0.049911
41.628372 2 0.116582
41.678375 4 0.083239
41.795036 1 0.149850
42.128376 2 0.349925
42.161709 4 0.333265
42.311802 1 0.166630
42.395046 4 0.083242
42.461708 2 0.132632
42.595081 2 0.099886
42.545082 4 0.033261
42.778419 4 0.099925
43.129135 2 0.433980
43.078419 4 0.215269
43.311756 1 0.166537
43.395084 4 0.166583
43.445084 2 0.149906
43.645088 2 0.099930
43.711754 4 0.133114
43.861958 2 0.099926
43.928623 4 0.099909
44.111958 2 0.099919
44.311970 3 0.183214
44.311970 2 0.099924
44.612827 1 0.167408
44.612827 4 0.167408
45.045902 2 0.350517
44.995312 4 0.233262
45.311985 4 0.099319
45.461987 1 0.099920
45.595322 4 0.099914
45.928741 1 0.300012
45.895409 4 0.200005
46.145409 2 0.166586
46.162163 4 0.066661
46.662167 2 0.366681
46.645412 3 0.299908
46.878742 4 0.083238
46.895512 1 0.083358
47.245411 1 0.249916
47.278748 4 0.249918
47.462154 2 0.149992
47.945484 2 0.349187
47.878819 3 0.265302
48.546139 1 0.367225
48.529312 4 0.300395
48.778831 2 0.183253
48.912163 4 0.066591
48.995529 2 0.066553
49.195503 4 0.116594
49.245499 2 0.149924
49.445610 2 0.116680
49.428856 4 0.049930
49.928860 2 0.383262
49.928860 4 0.349921
50.195526 1 0.149888
50.228863 4 0.049925
50.428860 1 0.099916
50.445614 4 0.066661
50.878872 4 0.299914
50.978870 2 0.266587
51.228958 4 0.216672
51.212208 2 0.099884
51.528877 4 0.149912
51.912361 4 0.233408
52.212364 1 0.283203
52.229118 4 0.166679
52.562366 2 0.249928
52.562366 4 0.149918
52.845703 4 0.149928
53.412460 4 0.416683
53.395702 2 0.333261
53.712372 3 0.066554
54.079041 3 0.249928
54.329624 4 0.167154
54.579063 4 0.116581
54.995731 4 0.249916
55.379070 2 0.333263
55.312405 4 0.149913
55.529072 4 0.066550
55.745785 4 0.099957
56.012451 3 0.116571
56.245789 3 0.099928
56.762463 4 0.316580
56.962456 2 0.116586
57.145798 4 0.083265
57.545826 2 0.333285
57.512489 4 0.233255
57.712502 4 0.116580
57.745827 1 0.099909
58.129162 2 0.249005
58.062496 4 0.166595
58.329159 4 0.132708
58.362495 2 0.116583
58.745834 2 0.232199
58.745834 4 0.099913
58.945831 4 0.099928
59.045849 2 0.149924
59.129185 4 0.066534
59.529182 4 0.282942
59.762520 3 0.116576
60.162521 3 0.249919
60.395855 4 0.099858
60.912525 4 0.366598
60.979195 2 0.316580
61.129204 4 0.066589
61.562542 4 0.266588
61.762566 2 0.166620
61.845875 4 0.132045
62.279213 4 0.332819
62.579208 3 0.149927
62.912544 3 0.233254
63.129211 4 0.149922
63.512547 4 0.266587
63.729218 3 0.083243
64.295929 3 0.349937
64.395927 2 0.249912
64.962654 4 0.366651
65.045982 2 0.166591
65.229317 4 0.116577
65.246071 2 0.100014
65.529320 2 0.116536
65.546066 4 0.133286
65.779320 4 0.099903
65.829323 2 0.098714
66.113388 1 0.083988
66.113388 4 0.067310
66.379715 2 0.066967
66.796013 3 0.049935
67.079330 2 0.099927
67.179329 3 0.082104
67.429321 1 0.082774
67.462662 4 0.049923
67.929344 2 0.266592
67.929344 4 0.216589
68.162682 2 0.099927
68.196014 4 0.099920
68.429344 2 0.099923
68.479912 4 0.117142
68.762680 2 0.199919
68.779434 4 0.116664
69.062683 2 0.166588
69.112701 4 0.166602
69.312706 2 0.066541
69.346039 4 0.099873
69.712708 2 0.249907
69.729462 4 0.233338
69.946060 2 0.099928
69.946060 4 0.082503
70.129395 4 0.083264
70.162727 2 0.083263
70.479393 4 0.233256
70.496162 2 0.233360
70.680115 4 0.100634
70.696159 2 0.100017
70.862732 4 0.083245
70.896065 2 0.066584
71.079399 4 0.083254
71.129402 2 0.099922
71.296127 4 0.099918
71.296127 2 0.049915
71.562805 4 0.149922
71.562805 2 0.133260
71.912895 2 0.233349
71.896133 4 0.166583
72.129471 2 0.099921
72.129471 3 0.065879
72.362801 1 0.099908
72.396141 3 0.066588
72.762802 1 0.283242
72.779556 3 0.216675
72.996140 2 0.166570
72.996140 3 0.099920
73.396141 2 0.266584
73.396141 4 0.249922
73.596138 4 0.099908
73.612892 2 0.083345
73.829475 4 0.133262
73.896141 1 0.133255
74.012825 3 0.083254
74.079491 2 0.099938
74.229584 2 0.116679
74.212822 3 0.066555
74.429535 2 0.099966
74.429535 3 0.065496
74.629532 4 0.099910
74.629532 1 0.083240
74.746201 2 0.083206
74.746201 3 0.083206
74.862869 4 0.099824
74.912872 1 0.099920
74.996201 3 0.066522
75.029533 2 0.083253
75.162956 4 0.100016
75.179634 2 0.016681
75.262993 1 0.066640
75.329552 3 0.066558
75.362885 2 0.066591
75.446220 1 0.066481
75.446220 4 0.066481
75.546219 2 0.064964
75.546219 3 0.064965
75.629654 1 0.066542
75.612892 4 0.049781
75.696228 2 0.049837
75.696228 3 0.049837
75.796234 4 0.082115
75.796234 1 0.066582
75.879707 2 0.050005
75.879707 3 0.050005
75.979568 1 0.099861
75.947006 4 0.067302
76.046242 2 0.049832
76.046242 3 0.049832
76.146576 1 0.083454
76.146576 4 0.083454
76.229698 3 0.066609
76.229698 2 0.050031
76.312904 1 0.083206
76.312904 4 0.083206
76.396324 3 0.066275
76.429649 2 0.083330
76.479591 4 0.083270
76.479591 1 0.066264
76.563660 3 0.067227
76.563660 2 0.050648
76.662926 1 0.083002
76.629593 4 0.049668
76.729683 3 0.082586
76.762932 2 0.083196
76.796265 4 0.066580
76.829597 1 0.083205
76.913071 2 0.066622
76.896271 3 0.049819
76.979607 4 0.066534
76.979607 1 0.049864
77.079605 2 0.049864
77.079605 3 0.049864
77.146935 4 0.083920
77.163307 1 0.066853
77.263107 2 0.079437
77.246651 3 0.062984
77.346405 1 0.116689
77.329628 4 0.066522
77.429634 3 0.066534
77.429634 2 0.049910
77.496300 1 0.049789
77.496300 4 0.049789
77.613182 2 0.082653
77.596352 3 0.065822
77.679771 1 0.066589
77.663002 4 0.049823
77.779671 3 0.083204
77.779671 2 0.048513
77.880142 1 0.083593
77.846336 4 0.049792
77.963104 2 0.066574
77.946342 3 0.049811
78.029671 1 0.049520
78.029671 4 0.049520
78.146477 2 0.083397
78.129669 3 0.033245
78.197037 4 0.050563
78.197037 1 0.033901
78.329674 2 0.082933
78.329674 3 0.082933
78.363007 1 0.049923
78.363007 4 0.016483
78.546432 1 0.066632
78.529678 4 0.049879
78.713097 1 0.082604
78.696342 4 0.065848
78.913597 2 0.100491
78.929764 3 0.066624
79.146896 4 0.067149
79.296349 1 0.083250
79.296349 4 0.033247
79.463013 1 0.049920
79.479767 4 0.033323
79.646370 4 0.049920
79.646370 1 0.033242
79.846375 2 0.066382
79.879707 3 0.083252
80.046371 4 0.066587
80.063126 1 0.066659
80.213188 4 0.066742
80.229797 1 0.050010
80.396370 4 0.065646
80.429710 1 0.049918
80.596382 4 0.082696
80.613144 1 0.050010
80.763115 3 0.066644
80.796448 2 0.049922
80.913116 4 0.049906
80.947296 1 0.050752
81.063118 4 0.033258
81.113113 1 0.066593
81.246468 4 0.049928
81.279800 2 0.066587
81.429878 4 0.049036
81.479797 1 0.049921
81.613136 3 0.049904
81.646706 1 0.050138
81.829811 1 0.083258
81.829811 4 0.033247
81.979805 1 0.049915
81.979805 4 0.033260
82.146561 1 0.065204
82.129807 4 0.048449
82.263145 4 0.049919
82.313148 1 0.083257
82.596581 2 0.066668
82.579826 3 0.032804
82.746498 2 0.049862
82.746498 3 0.049862
82.896500 3 0.033246
82.979927 1 0.066629
82.963165 4 0.033246
83.113167 4 0.033242
83.129929 1 0.033354
83.263168 4 0.033254
83.279930 1 0.033356
83.413170 4 0.049903
83.446503 1 0.066586
83.596504 4 0.083252
83.596504 1 0.049919
83.679840 2 0.033219
83.696594 3 0.049969
83.829834 3 0.049915
83.829834 2 0.033244
84.029839 1 0.066596
84.046600 4 0.033352
84.229843 1 0.082821
84.229843 4 0.049916
84.396507 1 0.066586
84.396507 4 0.033253
84.596504 3 0.083252
84.596504 2 0.032096
84.779839 2 0.066591
84.814262 4 0.051008
85.029869 1 0.066578
84.996613 4 0.000002
85.279861 1 0.016533
85.313194 4 0.049867
85.446609 1 0.049947
85.479866 4 0.033256
85.613197 2 0.049820
85.629967 3 0.066589
85.746529 2 0.049920
85.763290 3 0.050011
85.863197 2 0.083202
86.013290 2 0.066680
85.996529 3 0.033251
86.229958 1 0.100006
86.213196 4 0.016589
86.379868 4 0.049917
86.413200 1 0.066588
86.546532 4 0.066582
86.563301 1 0.066685
86.779884 2 0.066581
86.813225 3 0.083263
86.979973 2 0.099968
86.963219 3 0.083205
87.096558 2 0.049879
87.096558 3 0.049879
87.313225 1 0.083263
87.313225 4 0.033245
87.463226 1 0.049875
87.479980 4 0.066626
87.629890 4 0.064937
87.646645 1 0.066673
87.829895 2 0.083251
87.896561 3 0.049861
88.046684 2 0.083380
88.063316 3 0.050002
88.196564 2 0.049912
88.213333 3 0.050008
88.379898 1 0.083222
88.379898 4 0.016571
88.529900 1 0.049908
88.646652 4 0.083354
88.696564 1 0.049913
88.796577 4 0.048314
88.829910 1 0.049888
88.980873 4 0.084205
89.013321 2 0.066653
89.079910 3 0.066590
89.179909 2 0.049915
89.213242 3 0.014503
89.313240 2 0.049929
89.363243 3 0.031588
89.513252 1 0.099939
89.546593 4 0.049917
89.679916 1 0.066585
89.696823 4 0.032505
89.863319 1 0.083323
89.929916 4 0.099910
90.080574 2 0.083907
90.096710 3 0.066695
90.229927 2 0.066588
90.246704 3 0.050022
90.379929 2 0.049873
90.379929 3 0.049873
90.496689 3 0.066665
90.529930 2 0.033244
90.764091 1 0.084084
90.764091 4 0.067422
90.896599 4 0.049893
90.913353 1 0.050019
91.030006 4 0.033335
91.079933 1 0.049927
91.279930 4 0.116572
91.213264 1 0.033256
91.413971 1 0.083947
91.413971 4 0.032907
91.563271 2 0.083265
91.563271 3 0.049917
91.696602 2 0.049880
91.696602 3 0.049881
91.846603 3 0.066563
91.846603 2 0.033237
91.913269 3 0.033249
92.063271 1 0.033252
92.113274 4 0.033183
92.196991 1 0.033640
92.246605 4 0.031299
92.346939 1 0.033585
92.396606 4 0.016101
92.496613 1 0.033253
92.663277 4 0.049926
92.829948 4 0.099927
92.796616 1 0.049924
93.013283 2 0.082088
93.013283 3 0.049923
93.179955 2 0.083231
93.179955 3 0.066591
93.330055 2 0.066666
93.313293 3 0.033241
93.463341 2 0.049914
93.463341 3 0.033252
93.630409 1 0.066973
93.613342 4 0.033245
93.780106 1 0.050009
93.763344 4 0.016588
94.013344 4 0.166362
93.946678 1 0.049918
94.113342 1 0.049914
94.163345 4 0.033197
94.296684 2 0.083249
94.315216 3 0.068446
94.463348 2 0.066583
94.463348 3 0.049913
94.613350 4 0.049921
94.663353 1 0.083265
94.780052 4 0.033284
94.813370 1 0.048504
94.946709 1 0.049928
95.046791 4 0.049992
95.130211 1 0.066620
95.296783 4 0.166576
95.296783 1 0.083255
95.413460 2 0.083243
95.413460 3 0.049910
95.613457 1 0.099925
95.630219 4 0.066679
95.697418 2 0.050490
95.746788 4 0.065929
95.780121 1 0.065317
95.863457 2 0.049920
95.963455 1 0.083063
95.930664 4 0.050271
96.013458 3 0.082793
96.030220 2 0.033344
96.096794 4 0.049862
96.130127 1 0.066587
96.163544 3 0.049949
96.196793 2 0.033247
96.246796 4 0.064855
96.280212 1 0.050008
96.330208 3 0.049994
96.363457 2 0.033252
96.414116 4 0.067181
96.446899 1 0.050022
96.530128 3 0.083219
96.546928 2 0.050055
96.563591 4 0.016665
96.646790 1 0.083202
96.680130 3 0.049916
96.713463 2 0.049868
96.763458 4 0.066530
96.796898 1 0.066622
96.880974 3 0.084075
96.880974 2 0.066382
96.963463 4 0.116588
96.963463 1 0.065707
97.063560 2 0.066640
97.046791 3 0.049876
97.113464 4 0.083243
97.146805 1 0.066535
97.230125 3 0.049922
97.246986 2 0.050099
97.313560 1 0.066574
97.296799 4 0.049809
97.413475 3 0.083212
97.413475 2 0.048742
97.480141 4 0.081880
97.513474 1 0.083162
97.580147 3 0.083197
97.596954 2 0.066662
97.663475 4 0.066520
97.696808 1 0.083191
97.763474 3 0.083202
97.780289 2 0.066646
97.830147 4 0.049857
97.864235 1 0.067286
97.946884 3 0.065883
97.946884 2 0.049198
98.046883 1 0.082047
98.013550 4 0.048716
98.130356 2 0.066616
98.130356 3 0.066616
98.196983 4 0.066624
98.230362 1 0.083169
98.296944 3 0.066585
98.330284 2 0.083196
98.413750 1 0.099948
98.396950 4 0.083144
98.480286 3 0.066534
98.480286 2 0.049871
98.580292 1 0.083127
98.580292 4 0.083120
98.663620 3 0.064871
98.681046 2 0.067345
98.780434 1 0.083298
98.763618 4 0.066483
98.846954 3 0.066520
98.863708 2 0.066532
98.963776 1 0.083312
98.946960 4 0.066495
99.064720 3 0.100945
99.064720 2 0.084283
99.130379 4 0.083326
99.147133 1 0.066088
99.230377 3 0.066539
99.247192 2 0.033399
99.297112 4 0.049917
99.330444 1 0.066597
99.447197 4 0.083327
99.480446 1 0.033249
99.597137 4 0.033249
99.647141 1 0.066597
99.797142 1 0.066597
99.863808 4 0.033258
99.981148 1 0.065507
100.097244 4 0.033355
100.130852 1 0.033608
100.413811 1 0.048626
100.430557 4 0.049480
100.563812 4 0.049919
100.580574 1 0.050021
100.713814 4 0.066592
100.730576 1 0.033344
100.847160 4 0.049929
100.897552 1 0.066991
100.963829 4 0.033258
101.063835 1 0.049909
101.114441 4 0.033789
101.197166 1 0.033256
101.213982 4 -0.000003
101.363831 1 0.066543
101.363831 4 0.032127
101.497177 1 0.049895
101.497177 4 0.033240
101.647179 2 0.065611
101.647179 3 0.065611
101.797180 3 0.083262
101.797180 2 0.049906
101.930511 2 0.049913
101.930511 3 0.033197
102.097183 3 0.083258
102.097183 2 0.049917
102.230515 3 0.066565
102.230515 2 0.049909
102.364952 3 0.051009
102.347191 2 0.016599
102.597191 2 0.149882
102.497215 3 0.049907
102.680527 1 0.061834
102.697502 4 0.033568
102.847565 1 0.066950
102.830528 4 0.033240
103.047211 1 0.099877
102.980545 4 0.033211
103.197243 1 0.049915
103.213997 4 0.049995
103.363922 1 0.066560
103.363922 4 0.049912
103.480591 4 0.049914
103.513924 1 0.049930
103.630676 4 0.049780
103.680595 1 0.049920
103.797310 4 0.049946
103.830597 1 0.049929
103.930595 4 0.082110
103.997269 1 0.049865
104.163933 3 0.083250
104.180695 2 0.050004
104.313950 3 0.066578
104.330681 2 0.066666
104.447266 3 0.049868
104.480598 2 0.066591
104.597267 3 0.049880
104.630600 2 0.049916
104.747276 3 0.066606
104.764038 2 0.049521
104.880615 3 0.049910
104.931229 2 0.083877
105.013947 3 0.033242
105.080612 2 0.049852
105.147629 3 0.016916
105.197372 2 0.031752
105.263954 3 0.066585
105.330627 2 0.016575
105.397285 3 0.049869
105.447372 2 -0.000002
105.547295 3 0.049923
105.597298 2 0.033199
105.697319 2 0.049592
105.697319 3 0.049592
105.780754 1 0.066588
105.813988 4 0.033237
105.947334 1 0.049896
105.947334 4 0.016578
106.130760 1 0.066664
106.113998 4 0.033198
106.230766 4 0.016668
106.315071 1 0.084306
106.464104 1 0.066629
106.514015 4 0.049908
106.647346 1 0.083259
106.647346 4 0.033241
106.830681 1 0.083256
106.780678 4 0.016588
106.947342 4 0.048476
106.964111 1 0.050026
107.047340 4 0.016595
107.130684 1 0.049910
107.197350 4 0.048581
107.347351 3 0.066581
107.347351 2 0.049926
107.514099 2 0.066616
107.497353 3 0.049864
107.664017 2 0.065235
107.680771 3 0.081997
107.797371 2 0.049867
107.830704 3 0.083200
107.947449 2 0.049867
107.947449 3 0.033258
108.147491 1 0.099914
108.114120 4 0.049925
108.280830 4 0.083229
108.280830 1 0.049912
108.447639 1 0.083407
108.430832 4 0.033254
108.597534 2 0.049926
108.647530 3 0.083265
108.747612 2 0.049887
108.780869 3 0.066605
108.914223 2 0.049877
108.964775 3 0.067137
109.047554 2 0.066531
109.097565 3 0.033209
109.198227 2 0.067236
109.230896 3 0.016530
109.347641 2 0.066646
109.381035 3 0.033394
109.497673 2 0.049926
109.547668 3 0.083251
109.614334 2 0.016586
109.731003 1 0.066589
109.731003 4 0.049919
109.881050 4 0.083230
109.897804 1 0.050006
110.064384 1 0.083237
110.031052 4 0.016581
110.464439 4 0.333304
110.231056 1 0.066581
110.414436 1 0.066587
110.581100 1 0.049922
110.597878 4 0.033318
110.764435 1 0.083245
110.764435 4 0.015198
110.847771 2 0.066453
110.881104 3 0.099784
110.948326 1 0.083765
110.915405 4 0.000003
111.031273 2 0.066611
111.014694 3 0.050030
111.064468 4 0.033196
111.114471 1 0.066536
111.181145 3 0.049854
111.181145 2 0.033253
111.247894 1 0.049867
111.231133 4 0.033108
111.347801 3 0.066593
111.347801 2 0.033253
111.414558 1 0.049875
111.397804 4 0.033119
111.514473 3 0.083197
111.514473 2 0.066595
111.547890 1 0.016538
111.531349 4 0.000001
111.764473 4 0.066588
111.781219 1 0.066668
111.864471 2 0.049866
111.881279 3 0.066676
111.981148 1 0.099866
111.947807 4 0.049867
112.047813 3 0.049864
112.231148 2 0.083258
112.231148 3 0.049917
112.297905 1 0.049888
112.281143 4 0.033129
112.464493 3 0.049868
112.464493 4 0.032969
112.497826 1 0.049874
112.497826 2 0.049874
112.697952 3 0.033302
112.731163 4 0.066511
112.731163 1 0.033209
112.731163 2 0.033209
112.897919 4 0.049260
112.931160 1 0.065348
112.897919 2 0.032102
112.881165 3 0.015347
113.082115 1 0.050875
113.064629 2 -0.000001
113.064629 4 -0.000001
113.264503 1 0.049889
113.397835 4 0.049919
113.397835 3 0.033257
113.564499 3 0.049927
113.614601 1 0.066627
113.597855 4 0.049879
113.814507 2 0.083084
113.831253 3 0.083329
113.831253 4 0.066674
113.847969 1 0.050049
114.014503 4 0.083251
114.014503 1 0.064375
113.981247 3 0.031120
114.014503 2 0.033255
114.198517 4 0.083934
114.198517 1 0.067271
114.281258 2 0.098916
114.264503 3 0.082162
114.397842 1 0.099814
114.347839 4 0.049813
114.448662 3 0.084023
114.464661 2 0.050028
114.547867 4 0.083205
114.581200 1 0.066566
114.632698 3 0.067983
114.664536 2 0.031840
114.731239 4 0.082137
114.764534 1 0.083204
114.847862 3 0.066539
114.897873 2 0.083221
114.914688 4 0.083396
114.964531 1 0.049844
115.033112 3 0.051774
115.048546 2 0.015432
115.081200 4 0.048088
115.132141 1 0.034142
115.231201 4 0.049908
115.331207 1 0.083182
115.414543 4 0.066517
115.531204 2 0.099847
115.548012 3 0.066701
115.647873 1 0.099864
115.647873 4 0.083201
115.781281 2 0.099999
115.814613 4 0.066568
115.981796 4 0.050417
116.147949 4 0.066576
116.614624 2 0.416589
116.631386 4 0.416577
116.881294 1 0.083249
116.947960 3 0.099919
116.964760 2 0.050052
117.081291 4 0.116533
117.148056 1 0.166633
117.131294 3 0.083205
117.481308 1 0.232981
117.414642 3 0.149921
117.681404 2 0.133236
117.664650 3 0.116483
117.981316 3 0.166573
118.031319 2 0.199910
118.348137 1 0.183342
118.348137 3 0.149956
118.348137 4 0.149956
118.348137 2 0.116676
118.648270 1 0.166605
118.631462 2 0.149799
118.631462 3 0.149799
118.648270 4 0.166605
118.964798 3 0.149738
118.998138 1 0.149800
118.964798 2 0.116466
118.998138 4 0.132748
119.314896 1 0.166612
119.314896 2 0.166612
119.298134 3 0.133212
119.348312 4 0.183385
119.564827 1 0.133213
119.581627 2 0.150012
119.564835 3 0.099873
119.581627 4 0.116672
119.948158 2 0.266498
119.914833 3 0.233167
119.948158 4 0.266498
119.948158 1 0.249919
120.181610 1 0.148166
120.164917 2 0.131473
120.148163 3 0.114717
120.181610 4 0.133373
120.498199 3 0.233229
120.531593 1 0.248877
120.531593 2 0.248877
120.531593 4 0.248877
120.781532 3 0.166589
120.814865 1 0.165568
120.814865 2 0.165568
120.814865 4 0.165569
121.214867 2 0.299614
121.181534 3 0.266285
121.181534 1 0.233196
121.214867 4 0.266526
121.481537 3 0.183264
121.498299 1 0.165512
121.498299 2 0.165512
121.548203 4 0.215419
121.948204 4 0.299925
121.914871 2 0.233200
121.948204 3 0.266531
121.914871 1 0.216583
122.214874 3 0.166597
122.233200 1 0.168157
122.214874 2 0.149836
122.264870 4 0.199832
122.614899 1 0.249892
122.614899 3 0.249892
122.581566 2 0.183050
122.614899 4 0.216384
122.931572 1 0.199887
122.931572 2 0.199887
122.948402 4 0.200092
122.931572 3 0.166592
123.431572 1 0.349824
123.431572 2 0.349824
123.431572 3 0.349824
123.448410 4 0.350109
124.198265 3 0.466593
124.198265 1 0.433161
124.231598 2 0.466494
124.231598 4 0.466494
124.864944 3 0.449916
124.881744 1 0.433288
124.864944 2 0.416492
124.881744 4 0.433288
125.564957 3 0.516603
125.564957 1 0.483164
125.564957 2 0.483164
125.581795 4 0.500004
126.198288 1 0.449832
126.215118 2 0.466658
126.164955 3 0.416499
126.198288 4 0.416576
126.881653 1 0.466570
126.848289 3 0.433208
126.881653 2 0.449907
126.881653 4 0.449907
127.598297 1 0.483215
127.615112 3 0.500027
127.598297 2 0.449867
127.615112 4 0.466679
128.281769 1 0.433347
128.264969 3 0.416543
128.281769 2 0.400022
128.264969 4 0.383217
128.881714 3 0.416669
128.898438 2 0.416695
129.565811 1 0.534064
129.565811 4 0.517401
129.948456 3 0.366611
129.948456 2 0.350040
130.465286 1 0.533366
130.498489 4 0.566573
130.615158 2 0.149870
130.615158 3 0.149870
131.031830 1 0.432860
130.998642 4 0.399666
131.231918 2 0.233293
131.231918 3 0.233278
131.548492 1 0.316577
131.548492 4 0.299838
131.848648 2 0.283323
131.831894 3 0.233253
132.215164 4 0.366517
132.215164 1 0.349870
132.565170 2 0.383209
132.531921 3 0.349965
132.898575 4 0.366661
132.898575 1 0.349235
133.215164 3 0.349935
133.265244 2 0.366674
133.615280 4 0.383314
133.615280 1 0.350035
133.898499 2 0.299917
133.931839 3 0.316556
134.248596 1 0.331200
134.248596 4 0.299127
134.581833 2 0.366584
134.548508 3 0.299912
134.898575 1 0.333227
134.898575 4 0.333227
135.081909 2 0.215873
135.100845 3 0.234795
135.215271 1 0.114423
135.215271 4 0.099805
135.332016 2 0.099922
135.332016 3 0.082679
135.431931 1 0.099917
135.448685 4 0.065755
135.582031 2 0.116632
135.631943 3 0.049914
135.832031 1 0.083352
135.848694 4 0.016662
137.032028 1 0.816607
137.032028 4 0.799944